strategic_region={
	id=10
	name="STRATEGICREGION_10"
	provinces = { 
	    460 877 938 1238 1628 1931 2260 2270 2573 2832 2849 3020 4006 4506 5380 5406 5525 6326 7400 7536 7720 7766 8017 8138 8608 8752 9221 10055 10453 10582 10899 10998 11629 14066 14185 14197 14247 14267 14301 14345 14346 14372 14394 14445 14475 383 748 898 1556 2014 3674 3906 4946 4982 5346 5620 5719 6020 6885 8394 10165 10997 13980 14022 14065 14076 14167 14183 14184 14196 14393 650 1189 1429 1675 1688 1998 2198 2224 2264 2317 2388 3525 3919 4680 5350 5635 5658 5987 6225 7268 8965 9424 14444 14451 14456 14499 14516 14519 14561 14677 14831 7955 14742  354 6044 6315 7721 10142 11605 14591 14658 14685 14704 14771 14857 45 431 517 1097 1869 2186 3136 3256 3747 3749 3802 3826 3853 4152 5374 6048 6567 7006 7598 8073 8111 8282 8749 11267 11537 11996 14586 14641 14680 14728 14840 14870 14909 15065 15087 653 1406 1816 2180 2731 3486 3818 3864 4118 4406 4418 5969 6591 6661 7079 8204 8410 9607 9867 10652 11186 11366 12099 14859 14868 14871 14914 15004 15031 15069 15122 15209 363 548 639 1763 2638 2770 3106 3206 3214 3246 4964 5056 5851 5936 6188 6566 6842 6895 8532 10130 10371 13767 13793 13827 13856 13880 13884 13905 13917 13929 13940 13949 14004   665 700 1886 2204 2575 2835 4014 4492 4750 7139 7209 7607 7732 8222 8434 8872 9430 10335 10840 11439 11692 11927 11967 13912 14053 14116 14287 14395 378 1929 2586 2642 4355 8079 8287 15765 15828 4340 4408 4481 5932 8574 15373 15430 15434 15518 87 1193 1559 4051 4940 5265 5574 7356 7655 7691 7763 8280 8301 8503 8793 10784 15178 15231 15249 15251 15275 15340 188 490 1412 1957 1997 3257 4159 5496 6261 7275 8091 8875 8959 15281 15328 15427 15453 15525 15601 539 629 823 1477 1575 1805 1819 2144 2514 2830 2930 3157 3998 4788 5047 5201 7000 8028 8135 8589 8902 8983 9148 9778 10664 14659 14668 14743 14946 15010 15059 18066 125 281 498 1889 2077 2648 2654 2671 2782 3392 3643 4139 4211 4281 4313 4682 4920 5181 5749 5771 5938 5940 6038 6054 6525 6801 6925 7173 7246 7951 8895 9085 9363 10163 10164 10193 10930 11005 11569 11648 14255 14399 14446 14503 14504 14531 14566 14575 14600 14624 14660 14673 14711 14744 14785 14798 18055 11708 550 1653 2321 2497 2587 2693 2980 4141 4620 4719 4769 5053 5877 5904 6134 6234 6440 6701 7085 7368 7557 8611 8710 8780 8859 9072 9329 10395 10398 10432 10559 10564 10666 11032 11107 11503 14681 14749 14841 14886 14893 14976 15022 15023
    }
	weather={
		period={
			between={ 0.0 30.0 }
			temperature={ 12.0 30.0 }
			no_phenomenon=0.500
			rain_light=0.250
			rain_heavy=0.100
			snow=0.000
			blizzard=0.000
			arctic_water=0.000
			mud=1.000
			sandstorm=0.000
			min_snow_level=0.000
		}
		period={
			between={ 0.1 27.1 }
			temperature={ 12.0 30.0 }
			no_phenomenon=0.500
			rain_light=0.250
			rain_heavy=0.100
			snow=0.000
			blizzard=0.000
			arctic_water=0.000
			mud=1.000
			sandstorm=0.000
			min_snow_level=0.000
		}
		period={
			between={ 0.2 30.2 }
			temperature={ 12.0 30.0 }
			no_phenomenon=0.500
			rain_light=0.250
			rain_heavy=0.100
			snow=0.000
			blizzard=0.000
			arctic_water=0.000
			mud=1.000
			sandstorm=0.000
			min_snow_level=0.000
		}
		period={
			between={ 0.3 29.3 }
			temperature={ 12.0 30.0 }
			no_phenomenon=0.500
			rain_light=0.250
			rain_heavy=0.100
			snow=0.000
			blizzard=0.000
			arctic_water=0.000
			mud=1.000
			sandstorm=0.000
			min_snow_level=0.000
		}
		period={
			between={ 0.4 30.4 }
			temperature={ 12.0 30.0 }
			no_phenomenon=0.500
			rain_light=0.250
			rain_heavy=0.100
			snow=0.000
			blizzard=0.000
			arctic_water=0.000
			mud=1.000
			sandstorm=0.000
			min_snow_level=0.000
		}
		period={
			between={ 0.5 29.5 }
			temperature={ 12.0 30.0 }
			no_phenomenon=0.500
			rain_light=0.250
			rain_heavy=0.100
			snow=0.000
			blizzard=0.000
			arctic_water=0.000
			mud=1.000
			sandstorm=0.000
			min_snow_level=0.000
		}
		period={
			between={ 0.6 30.6 }
			temperature={ 12.0 30.0 }
			no_phenomenon=0.500
			rain_light=0.250
			rain_heavy=0.100
			snow=0.000
			blizzard=0.000
			arctic_water=0.000
			mud=1.000
			sandstorm=0.000
			min_snow_level=0.000
		}
		period={
			between={ 0.7 30.7 }
			temperature={ 12.0 30.0 }
			no_phenomenon=0.500
			rain_light=0.250
			rain_heavy=0.100
			snow=0.000
			blizzard=0.000
			arctic_water=0.000
			mud=1.000
			sandstorm=0.000
			min_snow_level=0.000
		}
		period={
			between={ 0.8 29.8 }
			temperature={ 12.0 30.0 }
			no_phenomenon=0.500
			rain_light=0.250
			rain_heavy=0.100
			snow=0.000
			blizzard=0.000
			arctic_water=0.000
			mud=1.000
			sandstorm=0.000
			min_snow_level=0.000
		}
		period={
			between={ 0.9 30.9 }
			temperature={ 12.0 30.0 }
			no_phenomenon=0.500
			rain_light=0.250
			rain_heavy=0.100
			snow=0.000
			blizzard=0.000
			arctic_water=0.000
			mud=1.000
			sandstorm=0.000
			min_snow_level=0.000
		}
		period={
			between={ 0.10 29.10 }
			temperature={ 12.0 30.0 }
			no_phenomenon=0.500
			rain_light=0.250
			rain_heavy=0.100
			snow=0.000
			blizzard=0.000
			arctic_water=0.000
			mud=1.000
			sandstorm=0.000
			min_snow_level=0.000
		}
		period={
			between={ 0.11 30.11 }
			temperature={ 12.0 30.0 }
			no_phenomenon=0.500
			rain_light=0.250
			rain_heavy=0.100
			snow=0.000
			blizzard=0.000
			arctic_water=0.000
			mud=1.000
			sandstorm=0.000
			min_snow_level=0.000
		}
	}
}
