strategic_region = {
	id = 11
	name = "STRATEGICREGION_11"

	provinces = {
		17 275 279 371 452 540 638 722 806 906 954 957 969 1071 1073 1232 1241 1265 1314 1362 1440 1520 1524 1538 1609 1618 1632 1640 1644 1658 1681 1716 1735 1782 1818 1881 1884 1991 2015 2036 2038 2063 2136 2181 2206 2207 2262 2274 2279 2361 2431 2461 2473 2501 2517 2553 2566 2571 2657 2669 2684 2715 2718 2730 2797 2851 2853 2873 2909 2991 3065 3102 3152 3161 3215 3249 3297 3346 3353 3357 3409 3481 3530 3540 3542 3573 3684 3688 3695 3719 3753 3784 3819 3885 4004 4078 4133 4161 4266 4311 4363 4370 4423 4516 4519 4520 4551 4559 4569 4580 4590 4638 4639 4648 4665 4675 4688 4763 4778 4803 4886 4918 5067 5068 5111 5125 5218 5236 5249 5261 5348 5397 5441 5443 5463 5526 5596 5654 5674 5701 5705 5711 5781 5848 5924 5925 5944 6006 6025 6027 6033 6063 6067 6076 6141 6263 6351 6371 6383 6389 6394 6422 6463 6542 6559 6617 6693 6724 6727 6738 6739 6756 6818 6892 6893 6915 6946 6949 6979 6982 7003 7023 7052 7056 7078 7097 7136 7145 7168 7198 7215 7240 7258 7259 7278 7279 7380 7390 7408 7445 7483 7507 7543 7549 7558 7678 7679 7684 7729 7748 7756 7816 7832 7835 7880 7902 7919 7927 7938 7941 7985 8019 8034 8052 8060 8129 8136 8145 8154 8170 8184 8189 8207 8209 8223 8272 8289 8308 8370 8408 8428 8444 8452 8474 8495 8522 8529 8539 8560 8564 8621 8627 8635 8645 8652 8667 8669 8683 8692 8720 8777 8830 8873 8898 8945 8975 8993 9017 9032 9060 9065 9068 9070 9091 9125 9134 9153 9203 9217 9253 9256 9272 9281 9292 9357 9365 9395 9494 9539 9540 9554 9558 9588 9592 9620 9643 9662 9682 9713 9744 9762 9775 9785 9787 9826 9832 9843 9844 9927 9991 9994 10029 10081 10134 10138 10189 10203 10207 10226 10229 10243 10258 10268 10269 10295 10342 10343 10347 10363 10457 10471 10473 10493 10514 10566 10568 10585 10588 10628 10731 10736 10745 10751 10769 10820 10822 10901 10961 10969 10981 10984 10990 10999 11115 11119 11144 11169 11181 11219 11225 11230 11243 11253 11337 11357 11409 11417 11449 11465 11467 11491 11500 11613 11616 11630 11631 11668 11672 11675 11676 11686 11717 11718 11719 11773 11789 11790 11829 11848 11858 11872 11905 11957 11998 12011 12076 12101 14869 14890 14935 14966 14967 14978 14981 14984 14988 14994 14997 15008 15018 15027 15034 15036 15044 15052 15061 15070 15071 15075 15078 15084 15092 15094 15096 15103 15104 15106 15107 15112 15113 15124 15126 15127 15135 15136 15138 15139 15140 15144 15153 15158 15168 15170 15176 15180 15181 15183 15191 15192 15193 15200 15213 15214 15218 15220 15223 15224 15225 15228 15232 15235 15242 15243 15244 15252 15256 15263 15271 15277 15282 15283 15286 15290 15291 15293 15294 15296 15298 15299 15300 15303 15307 15310 15311 15315 15321 15324 15325 15326 15329 15330 15335 15342 15344 15347 15348 15352 15356 15359 15360 15361 15374 15375 15376 15380 15387 15389 15398 15400 15401 15404 15405 15421 15429 15431 15440 15441 15444 15449 15456 15457 15458 15465 15469 15472 15475 15476 15483 15484 15485 15487 15488 15499 15504 15505 15509 15510 15512 15515 15521 15534 15535 15540 15542 15543 15544 15554 15555 15560 15561 15569 15574 15579 15581 15582 15584 15585 15586 15587 15588 15593 15604 15605 15606 15608 15610 15617 15619 15620 15621 15622 15628 15636 15637 15640 15641 15642 15646 15647 15650 15651 15655 15656 15667 15668 15670 15672 15676 15679 15688 15689 15694 15697 15700 15701 15702 15712 15718 15723 15724 15732 15737 15738 15744 15754 15767 15768 15776 15777 15782 15797 15801 15805 15808 15818 15826 15832 15836 15841 15850 15852 15859 15862 15863 15873 15882 15883 15890 15891 15898 15900 15901 15920 15921 15922 15927 15928 15933 15934 15937 15940 15960 15961 15967 15987 15995 15997 16000 16015 16022 16032 16034 16035 16042 16043 16050 16059 16060 16064 16065 16069 16073 16080 16091 16097 16107 16112 16117 16122 16123 16126 16133 16134 16139 16144 16146 16166 18087 18092 18099 18100 18103 18110 18112 18114 18115 18118 18121 18388 18389 18392 
	}

weather = {
		period = { between = { 0.0 30.0 } temperature = { -15 -5 } no_phenomenon = 0.3 snow = 0.5 blizzard = 0.2 } # Янв
		period = { between = { 0.1 27.1 } temperature = { -10 2 } no_phenomenon = 0.4 snow = 0.4 blizzard = 0.2 } # Фев
		period = { between = { 0.2 30.2 } temperature = { -2 10 } no_phenomenon = 0.2 rain_light = 0.3 mud = 0.5 } # Мар
		period = { between = { 0.3 29.3 } temperature = { 8 18 } no_phenomenon = 0.5 rain_light = 0.5 } # Апр
		period = { between = { 0.4 30.4 } temperature = { 15 22 } no_phenomenon = 0.7 rain_light = 0.3 } # Май
		period = { between = { 0.5 29.5 } temperature = { 18 28 } no_phenomenon = 0.7 rain_light = 0.2 rain_heavy = 0.1 } # Июн
		period = { between = { 0.6 30.6 } temperature = { 20 30 } no_phenomenon = 0.8 rain_light = 0.2 } # Июл
		period = { between = { 0.7 30.7 } temperature = { 20 30 } no_phenomenon = 0.8 rain_light = 0.2 } # Авг
		period = { between = { 0.8 29.8 } temperature = { 12 22 } no_phenomenon = 0.6 rain_light = 0.4 } # Сен
		period = { between = { 0.9 30.9 } temperature = { 5 15 } no_phenomenon = 0.4 rain_light = 0.4 mud = 0.2 } # Окт
		period = { between = { 0.10 29.10 } temperature = { 0 8 } no_phenomenon = 0.3 rain_light = 0.4 mud = 0.3 } # Ноя
		period = { between = { 0.11 30.11 } temperature = { -8 2 } no_phenomenon = 0.4 snow = 0.5 blizzard = 0.1 } # Дек
	}
}
