strategic_region={
	id=14
	name="STRATEGICREGION_14"
	provinces = {
        35 100 434 502 538 1191 1231 1278 1643 1851 2021 2031 2148 2154 2225 2253 2335 2385 2499 2716 2720 2804 3009 3030 3088 3097 3204 3741 3872 3905 3971 4084 4217 4454 4597 4697 4735 5106 5276 5395 5521 5661 5670 5708 5795 5914 5950 6000 6144 6167 6174 6228 6233 6245 6300 6379 6519 6536 6543 6836 6952 6973 7138 7164 7184 7206 7216 7243 7487 7519 7617 7714 7788 7847 7964 8058 8065 8093 8168 8181 8214 8273 8278 8378 8379 8489 8496 8559 8617 8727 8824 8843 8882 8948 9003 9053 9061 9126 9396 9406 9483 9518 9530 9549 9574 9595 9652 9670 9710 9774 9960 9976 10000 10019 10046 10162 10184 10277 10388 10405 10429 10460 10480 10546 10554 10570 10634 10728 10790 10932 10976 11053 11073 11196 11271 11295 11302 11352 11402 11460 11608 11639 11643 11699 11850 11883 11963 12027 12033 12547 12553 12566 12569 12572 12591 12592 12601 12602 12613 12628 12631 12635 12638 12644 12661 12664 12669 12679 12684 12692 12693 12696 12699 12700 12704 12716 12718 12734 12739 12746 12750 12752 12764 12766 12770 12771 12780 12783 12788 12802 12803 12810 12812 12813 12815 12832 12837 12839 12842 12848 12851 12873 12882 12894 12898 12899 12912 12914 12919 12923 12930 12939 12953 12964 12970 12973 12974 12979 12985 13008 13019 13020 13029 13030 13050 13054 13071 13075 13081 13091 13103 13126 13146 13152 13157 13158 13176 13180 13193 13208 13243 13278 13287 13298 13299 13304 13312 13320 13323 13349 13372 13381 13389 13421 13512 18020 243 377 388 417 826 854 1363 1807 1872 2086 2087 3274 3511 3514 3697 3799 3981 3988 4077 4257 4563 4830 4850 4871 5022 5306 5401 5717 5728 5739 5792 5798 5832 5843 5889 5943 6041 6117 6251 6275 6323 6400 6423 6720 6830 6902 6950 6969 7008 7100 7156 7431 7551 7605 7737 7804 7850 8000 8012 8076 8196 8453 8492 8854 8974 9067 9252 9294 9407 9534 9576 9746 9791 9813 9821 9847 9887 9956 9972 9983 10118 10179 10248 10307 10771 10858 10951 10974 11191 11484 11486 11523 11634 11645 11689 11761 11836 11877 12983 12994 13001 13002 13005 13028 13042 13046 13047 13064 13067 13072 13082 13083 13097 13102 13115 13119 13123 13127 13137 13147 13148 13149 13153 13159 13164 13165 13168 13171 13173 13177 13186 13190 13194 13204 13205 13209 13218 13219 13223 13228 13244 13248 13249 13252 13264 13284 13294 13305 13317 13332 13334 13335 13341 13350 13360 13373 13401 13402 13410 13413 13418 13426 13439 13442 13453 13456 13466 13493 13502 13504 13513 13539 13542 13585 13607 13613 13654 13681 13682 13688 13709 257 606 702 822 916 1057 1348 1519 1693 1734 2052 2078 3046 3293 3561 3635 3668 4055 4402 5607 5867 5998 6634 6674 6704 6706 7298 7396 7454 7584 7734 7819 7930 8131 8186 8218 8333 8450 8457 8511 8825 8845 9015 9082 9331 9399 9403 9418 9584 9671 9874 10088 10286 10466 10551 10696 10702 10891 10947 10965 11020 11133 11147 11333 11370 11702 12030 12055 12059 12555 12578 12580 12583 12599 12615 12618 12632 12633 12645 12658 12665 12675 12676 12682 12690 12694 12697 12698 12705 12714 12715 12721 12722 12735 12744 12745 12759 12765 12767 12774 12804 12807 12819 12826 12831 12833 12834 12883 12902 12907 12944 12947 12977 274 372 387 429 793 872 929 931 1011 1579 1911 2356 2367 3040 3167 3625 3985 4197 4643 5193 5252 5604 5755 5822 5988 6354 6458 6518 6936 7262 7287 7304 7338 7646 7806 7989 8067 8513 8592 8600 8855 8984 8987 9219 9434 9572 9722 9858 10069 10082 10172 10287 10316 10407 10444 10459 10534 10572 10638 10776 10802 10807 10939 11030 11113 11129 11140 11215 11424 11455 11487 11733 11743 11865 12080 12103 13234 13272 13318 13321 13324 13336 13354 13355 13364 13365 13375 13376 13382 13383 13406 13414 13427 13443 13457 13471 13485 13500 13515 13516 13517 13521 13526 13535 13540 13541 13550 13551 13564 13570 13571 13579 13601 13608 13611 13629 13630 13633 13651 13656 13657 13689 13704 13718 13719 13724 13731 13741 13745 13765 13784 13788 13804 13823 232 265 690 767 820 994 2396 2533 2562 2645 3391 3437 3446 3474 3475 3936 4062 4110 4153 4166 4296 4754 4755 4765 4865 4892 4904 4915 4958 5144 5386 5508 5550 5616 5678 6799 7214 7546 7662 8105 8281 8294 8304 8689 9018 9190 9254 9598 9803 9823 9925 10051 10093 10126 10378 10616 10650 10774 10850 10881 10926 11001 11602 11606 11687 11818 12471 12476 12480 12481 12488 12494 12497 12500 12502 12506 12511 12512 12514 12522 12526 12527 12529 12531 12541 12548 12554 12556 12562 12564 12567 12570 12573 12575 12581 12584 12587 12589 12600 12603 12608 12614 12617 12629 12630 12639 12650 12652 12695 12712 12736 12738 12740 12755 12798 12821 12840 12854 12862 12863 12877 12886 12926 12931 12950 3284 4433 12890
	}
	weather={
		period={
			between={ 0.0 30.0 }
			temperature={ 12.0 30.0 }
			no_phenomenon=0.500
			rain_light=0.250
			rain_heavy=0.100
			snow=0.000
			blizzard=0.000
			arctic_water=0.000
			mud=1.000
			sandstorm=0.000
			min_snow_level=0.000
		}
		period={
			between={ 0.1 27.1 }
			temperature={ 12.0 30.0 }
			no_phenomenon=0.500
			rain_light=0.250
			rain_heavy=0.100
			snow=0.000
			blizzard=0.000
			arctic_water=0.000
			mud=1.000
			sandstorm=0.000
			min_snow_level=0.000
		}
		period={
			between={ 0.2 30.2 }
			temperature={ 12.0 30.0 }
			no_phenomenon=0.500
			rain_light=0.250
			rain_heavy=0.100
			snow=0.000
			blizzard=0.000
			arctic_water=0.000
			mud=1.000
			sandstorm=0.000
			min_snow_level=0.000
		}
		period={
			between={ 0.3 29.3 }
			temperature={ 12.0 30.0 }
			no_phenomenon=0.500
			rain_light=0.250
			rain_heavy=0.100
			snow=0.000
			blizzard=0.000
			arctic_water=0.000
			mud=1.000
			sandstorm=0.000
			min_snow_level=0.000
		}
		period={
			between={ 0.4 30.4 }
			temperature={ 12.0 30.0 }
			no_phenomenon=0.500
			rain_light=0.250
			rain_heavy=0.100
			snow=0.000
			blizzard=0.000
			arctic_water=0.000
			mud=1.000
			sandstorm=0.000
			min_snow_level=0.000
		}
		period={
			between={ 0.5 29.5 }
			temperature={ 12.0 30.0 }
			no_phenomenon=0.500
			rain_light=0.250
			rain_heavy=0.100
			snow=0.000
			blizzard=0.000
			arctic_water=0.000
			mud=1.000
			sandstorm=0.000
			min_snow_level=0.000
		}
		period={
			between={ 0.6 30.6 }
			temperature={ 12.0 30.0 }
			no_phenomenon=0.500
			rain_light=0.250
			rain_heavy=0.100
			snow=0.000
			blizzard=0.000
			arctic_water=0.000
			mud=1.000
			sandstorm=0.000
			min_snow_level=0.000
		}
		period={
			between={ 0.7 30.7 }
			temperature={ 12.0 30.0 }
			no_phenomenon=0.500
			rain_light=0.250
			rain_heavy=0.100
			snow=0.000
			blizzard=0.000
			arctic_water=0.000
			mud=1.000
			sandstorm=0.000
			min_snow_level=0.000
		}
		period={
			between={ 0.8 29.8 }
			temperature={ 12.0 30.0 }
			no_phenomenon=0.500
			rain_light=0.250
			rain_heavy=0.100
			snow=0.000
			blizzard=0.000
			arctic_water=0.000
			mud=1.000
			sandstorm=0.000
			min_snow_level=0.000
		}
		period={
			between={ 0.9 30.9 }
			temperature={ 12.0 30.0 }
			no_phenomenon=0.500
			rain_light=0.250
			rain_heavy=0.100
			snow=0.000
			blizzard=0.000
			arctic_water=0.000
			mud=1.000
			sandstorm=0.000
			min_snow_level=0.000
		}
		period={
			between={ 0.10 29.10 }
			temperature={ 12.0 30.0 }
			no_phenomenon=0.500
			rain_light=0.250
			rain_heavy=0.100
			snow=0.000
			blizzard=0.000
			arctic_water=0.000
			mud=1.000
			sandstorm=0.000
			min_snow_level=0.000
		}
		period={
			between={ 0.11 30.11 }
			temperature={ 12.0 30.0 }
			no_phenomenon=0.500
			rain_light=0.250
			rain_heavy=0.100
			snow=0.000
			blizzard=0.000
			arctic_water=0.000
			mud=1.000
			sandstorm=0.000
			min_snow_level=0.000
		}
	}
}
