strategic_region={
	id=15
	name="STRATEGICREGION_15"
	provinces = {
        272 322 602 740 798 839 1060 1832 1841 1903 2072 2134 2158 2187 2272 2333 2354 3104 3221 3414 3627 4085 4146 4322 4409 4487 5086 5096 5296 5337 5360 5361 5623 5648 6468 6657 6710 6819 6887 6958 7128 7308 7322 7796 7995 8015 8024 8025 8426 8523 8651 8653 8665 9128 9137 9173 9464 9496 9596 9633 9638 9743 9777 10152 10380 10402 10656 10737 10831 10846 11010 11057 11145 11421 11732 11902 12063 12084 12089 12464 12466 12472 12475 12486 12487 12492 12495 12507 12508 12516 12517 12520 12535 12539 12557 12571 12582 12588 12590 12593 12604 12606 12607 12612 12623 12634 12642 12659 12662 12666 12667 12670 12683 12685 12688 12689 12702 12706 12707 12710 12719 12725 12728 12729 12730 12737 12747 12756 12757 12814 12828 12829 12843 12855 12856 12857 12867 12884 12888 12891 10383 42 185 708 724 1005 1116 1216 1330 1504 1960 2080 2111 2259 3021 3213 3445 4176 4269 4567 4600 4731 4783 4791 4839 5101 5228 5263 5316 5318 5553 5868 5964 6073 6247 6302 6305 6320 6360 6641 6729 7004 7203 7365 7457 7554 7597 7651 8431 8446 8575 8578 8605 8750 8973 9195 9223 9479 9511 9848 9959 10117 10223 10344 10461 10531 10569 11034 11078 11350 11532 11542 11555 11658 11873 11999 12785 12816 12866 12874 12887 12900 12905 12909 12913 12920 12921 12932 12945 12949 12954 12955 12968 12980 12984 12986 12987 12990 12995 13003 13017 13021 13031 13038 13048 13049 13061 13069 13098 13099 13100 13104 13111 13120 13132 13140 13145 13163 13169 13174 13175 13195 13202 13210 13211 13215 13235 13236 13237 13250 13253 13260 13288 13300 18031 9687 12749 6 209 276 476 860 1772 1907 2009 2313 2547 2568 2844 2943 3004 3360 3469 3702 4068 4203 4420 4594 4699 4837 4859 5031 5426 5609 5774 5862 5971 5994 6078 6083 6089 6158 6178 6227 6252 6521 6711 6764 6768 6808 7012 7069 7190 7225 7399 7440 7509 7550 7611 7673 7695 7768 7924 8158 8302 8351 8814 9175 9186 9200 9214 9768 9836 9974 10072 10095 10170 10251 10490 10612 10633 10648 10775 10799 10935 11090 11150 11213 11319 11431 11564 11677 11830 11918 11953 12040 12053 13084 13108 13118 13130 13133 13138 13150 13160 13182 13187 13188 13198 13203 13212 13213 13224 13232 13238 13239 13241 13245 13265 13266 13273 13274 13275 13279 13286 13291 13295 13303 13306 13307 13316 13337 13339 13342 13346 13370 13374 13377 13378 13384 13397 13412 13416 13420 13422 13431 13437 13458 13464 13469 13472 13478 13479 13486 13489 13495 13505 13536 13552 13565 13566 13572 13574 13578 13581 13588 13592 13603 13628 13640 13666 13686 13720 13749 18037 18036 18034 6246 13358 13395 18033 10849 7090 163 170 172 465 591 1109 1292 1558 1677 1913 2046 2217 2477 3231 3658 3813 4031 4262 4773 4797 4907 5388 5480 5706 5730 5859 5917 6102 6238 6296 6656 7805 7965 8039 8612 8735 8754 8784 9027 9124 9400 9556 9833 9922 10202 10465 10494 11137 11162 11255 11315 11386 11442 11609 11644 11760 11839 11840 11892 11989 13240 13285 13315 13361 13390 13394 13415 13417 13419 13436 13449 13455 13474 13475 13494 13508 13509 13554 13555 13590 13596 13599 13602 13609 13614 13615 13627 13631 13658 13665 13690 13705 13713 13727 13529
	}
	weather={
		period={
			between={ 0.0 30.0 }
			temperature={ 12.0 30.0 }
			no_phenomenon=0.500
			rain_light=0.250
			rain_heavy=0.100
			snow=0.000
			blizzard=0.000
			arctic_water=0.000
			mud=1.000
			sandstorm=0.000
			min_snow_level=0.000
		}
		period={
			between={ 0.1 27.1 }
			temperature={ 12.0 30.0 }
			no_phenomenon=0.500
			rain_light=0.250
			rain_heavy=0.100
			snow=0.000
			blizzard=0.000
			arctic_water=0.000
			mud=1.000
			sandstorm=0.000
			min_snow_level=0.000
		}
		period={
			between={ 0.2 30.2 }
			temperature={ 12.0 30.0 }
			no_phenomenon=0.500
			rain_light=0.250
			rain_heavy=0.100
			snow=0.000
			blizzard=0.000
			arctic_water=0.000
			mud=1.000
			sandstorm=0.000
			min_snow_level=0.000
		}
		period={
			between={ 0.3 29.3 }
			temperature={ 12.0 30.0 }
			no_phenomenon=0.500
			rain_light=0.250
			rain_heavy=0.100
			snow=0.000
			blizzard=0.000
			arctic_water=0.000
			mud=1.000
			sandstorm=0.000
			min_snow_level=0.000
		}
		period={
			between={ 0.4 30.4 }
			temperature={ 12.0 30.0 }
			no_phenomenon=0.500
			rain_light=0.250
			rain_heavy=0.100
			snow=0.000
			blizzard=0.000
			arctic_water=0.000
			mud=1.000
			sandstorm=0.000
			min_snow_level=0.000
		}
		period={
			between={ 0.5 29.5 }
			temperature={ 12.0 30.0 }
			no_phenomenon=0.500
			rain_light=0.250
			rain_heavy=0.100
			snow=0.000
			blizzard=0.000
			arctic_water=0.000
			mud=1.000
			sandstorm=0.000
			min_snow_level=0.000
		}
		period={
			between={ 0.6 30.6 }
			temperature={ 12.0 30.0 }
			no_phenomenon=0.500
			rain_light=0.250
			rain_heavy=0.100
			snow=0.000
			blizzard=0.000
			arctic_water=0.000
			mud=1.000
			sandstorm=0.000
			min_snow_level=0.000
		}
		period={
			between={ 0.7 30.7 }
			temperature={ 12.0 30.0 }
			no_phenomenon=0.500
			rain_light=0.250
			rain_heavy=0.100
			snow=0.000
			blizzard=0.000
			arctic_water=0.000
			mud=1.000
			sandstorm=0.000
			min_snow_level=0.000
		}
		period={
			between={ 0.8 29.8 }
			temperature={ 12.0 30.0 }
			no_phenomenon=0.500
			rain_light=0.250
			rain_heavy=0.100
			snow=0.000
			blizzard=0.000
			arctic_water=0.000
			mud=1.000
			sandstorm=0.000
			min_snow_level=0.000
		}
		period={
			between={ 0.9 30.9 }
			temperature={ 12.0 30.0 }
			no_phenomenon=0.500
			rain_light=0.250
			rain_heavy=0.100
			snow=0.000
			blizzard=0.000
			arctic_water=0.000
			mud=1.000
			sandstorm=0.000
			min_snow_level=0.000
		}
		period={
			between={ 0.10 29.10 }
			temperature={ 12.0 30.0 }
			no_phenomenon=0.500
			rain_light=0.250
			rain_heavy=0.100
			snow=0.000
			blizzard=0.000
			arctic_water=0.000
			mud=1.000
			sandstorm=0.000
			min_snow_level=0.000
		}
		period={
			between={ 0.11 30.11 }
			temperature={ 12.0 30.0 }
			no_phenomenon=0.500
			rain_light=0.250
			rain_heavy=0.100
			snow=0.000
			blizzard=0.000
			arctic_water=0.000
			mud=1.000
			sandstorm=0.000
			min_snow_level=0.000
		}
	}
}
