strategic_region={
	id=16
	name="STRATEGICREGION_16"
	provinces = {
        1934 7765 10148 14071 14090 14119 14138 14150 14163 18050 14623 339 2197 3512 5351 5383 5646 6070 6314 6344 6589 8120 9264 9429 9839 10149 10279 10408 10549 10688 10854 11734 11831 11976 13887 13896 14007 14043 14114 14130 14158 14176 14188 14215 14224 14241 14263 14282 18048 18046 392 3318 4169 6871 7319 7908 8865 9064 10002 10671 11809 14143 14177 14244 14257 14284 14352 14358 14376 14409 14454 2300 3056 3952 4185 4338 5849 5963 6783 8641 11257 11637 11932 13886 13953 14037 14078 1259 3264 3768 3989 4458 5435 5712 5741 6023 6283 6338 6638 7277 7914 8077 9410 10161 10400 10590 10603 10732 10866 11179 11389 11545 11693 11715 13858 13859 13891 13920 13923 13927 13946 13958 13994 14012 14044 14064 14123 7712 18049 2318 7112 9850 11317 11821 14164 14193 14216 14229 14258 115 467 488 1103 1408 1647 2109 3080 3299 3480 3553 3624 3977 4897 5185 5312 5686 5842 6487 6523 6557 6595 7129 7516 7599 7783 7963 8499 8569 8619 8673 8736 8820 8924 9571 9618 9674 9831 10341 10503 10709 10744 10994 11120 11437 11469 11678 11791 13619 13648 13669 13671 13692 13732 13742 13743 13748 13756 13785 13797 13801 13805 13818 13825 13828 13832 13862 13868 13869 13903 13934 13948 13969 14001 14025 13721 937 1820 2619 3994 4150 5448 6568 6770 6800 7539 8266 8352 9975 10592 10821 11036 11947 13779 13780 13838 13871 13962 13989 13998 18047 2708 3544 3895 3953 5581 7230 8014 8346 8738 8837 8943 9063 9160 9493 11075 11579 13957 13983 13993 14046 14050 14051 14070 14107 2786 2885 2967 3576 4622 5503 5577 6015 7013 7224 7412 8355 8550 9286 9946 10240 11156 11223 13879 13947 13984 14013 14019 14032 14034 14056 14060 14085 14110 14159 14187 14195 18051 1091 1967 2273 8413 9094 9338 9502 14086 14096 14120 14165 14207 14242 104 575 2569 3440 4378 7273 8141 10487 14218 14259 14280 14312 14321 14419 1213 1419 1639 3707 3980 4703 5217 8755 9469 10187 10519 10789 11815 11825 14011 14036 14059 14084 14099 14100 14137 14148 14149 3755 5847 7320 8620 10224 11202 14310 14313 14357 2813 3589 3901 4199 6795 9005 9333 9337 10031 10421 11014 11249 11490 14113 14157 14212 14238 14250 14262 14383 14388 14404 4309 5319 6408 6992 7222 7478 7580 7616 7851 8530 10538 11256 11841 12020 14265 14318 14348 14362 14440 14449 14492 743 3378 5637 5736 6165 6812 9727 10205 10760 12102 14501 14527 14554 14607 14626 14666 14679 14754 6162 7388 8656 8955 9690 10194 10873 11164 11507 11572 14702 14851 14924 120 4457 7532 8363 8584 8733 9820 10150 10900 11309 12046 14618 14640 14684 14703 14726 14770 14796 1806 2108 2229 2409 3153 4025 4959 5613 5894 6096 7563 9222 10276 11313 11511 11785 14788 14807 14821 14828 14833 14847 14892 14899 14920 14930 14931 14964 14405 14693 8393 10758 10937 7657 9312 14751 14774 14791 2650 3421 14723 14709 14670 8179 14611 6857 5308 14582 8167 14571 18065 18059 2288 2364 3415 3974 5769 6510 7838 8225 8468 8813 9030 9036 9171 9314 9368 9376 9860 10334 11494 12094 14217 14279 14353 14389 14391 14424 14448 14489 14550 18053 3095 3407 5415 6042 6471 8671 9100 9866 10855 11909 14343 14347 14367 14384 14412 14418 14423 14441 14467 1298 2981 4341 5512 7046 7958 8260 8337 8914 8923 9244 9392 10089 11722 14295 14319 14328 14366 14398 14417 14429 14437 14438 14497 18056 1022 1194 1803 2519 2691 3295 4645 4954 5446 5476 6719 7713 7845 7864 7929 8582 9369 9716 10014 10436 11199 11200 11280 11753 11933 14523 14553 14560 14564 14594 14601 14609 14632 14663 14667 14697 14748 14766 14809 2550 3312 3591 3777 4226 4499 4566 4870 4874 4899 6433 6744 7075 7171 9965 10403 10496 10902 11245 14817 14884 14921 14936 14944 14950 14968 14975 15001 15009 15025 15035 15037 18067 18069 312 1211 1900 3168 3266 5612 6912 7140 7980 8349 8799 9263 9780 10274 10739 10878 11410 11524 11562 11812 14549 14610 14636 14676 14705 14759 14767 14777 14778 14800 14802 14852 14865 14879 14901 14933 459 1239 2042 2221 2430 7552 8284 8531 8549 8709 8864 9379 11089 11095 11459 14797 14844 14856 14862 14891 14904 14928 14942 14953 14970 14985 15050 15063 15074 15080 1399 3098 4270 4901 4974 5115 7260 7891 8049 8432 8716 8730 8866 9179 9515 10107 10601 10730 11381 11522 14982 14995 15011 15095 15097 15137 15148 15164 15182 15201 2226 3909 3983 4501 5392 6492 6981 7228 8437 9491 10504 11725 11979 14558 14559 14597 14608 14627 14635 14672 14674 14691 14692 14710 14716 14746 14101 14760 14822 5382 9760 14648 18302 18303 18304 18465 18466 18467 18468 18469}
	weather={
		period={
			between={ 0.0 30.0 }
			temperature={ 12.0 30.0 }
			no_phenomenon=0.500
			rain_light=0.250
			rain_heavy=0.100
			snow=0.000
			blizzard=0.000
			arctic_water=0.000
			mud=1.000
			sandstorm=0.000
			min_snow_level=0.000
		}
		period={
			between={ 0.1 27.1 }
			temperature={ 12.0 30.0 }
			no_phenomenon=0.500
			rain_light=0.250
			rain_heavy=0.100
			snow=0.000
			blizzard=0.000
			arctic_water=0.000
			mud=1.000
			sandstorm=0.000
			min_snow_level=0.000
		}
		period={
			between={ 0.2 30.2 }
			temperature={ 12.0 30.0 }
			no_phenomenon=0.500
			rain_light=0.250
			rain_heavy=0.100
			snow=0.000
			blizzard=0.000
			arctic_water=0.000
			mud=1.000
			sandstorm=0.000
			min_snow_level=0.000
		}
		period={
			between={ 0.3 29.3 }
			temperature={ 12.0 30.0 }
			no_phenomenon=0.500
			rain_light=0.250
			rain_heavy=0.100
			snow=0.000
			blizzard=0.000
			arctic_water=0.000
			mud=1.000
			sandstorm=0.000
			min_snow_level=0.000
		}
		period={
			between={ 0.4 30.4 }
			temperature={ 12.0 30.0 }
			no_phenomenon=0.500
			rain_light=0.250
			rain_heavy=0.100
			snow=0.000
			blizzard=0.000
			arctic_water=0.000
			mud=1.000
			sandstorm=0.000
			min_snow_level=0.000
		}
		period={
			between={ 0.5 29.5 }
			temperature={ 12.0 30.0 }
			no_phenomenon=0.500
			rain_light=0.250
			rain_heavy=0.100
			snow=0.000
			blizzard=0.000
			arctic_water=0.000
			mud=1.000
			sandstorm=0.000
			min_snow_level=0.000
		}
		period={
			between={ 0.6 30.6 }
			temperature={ 12.0 30.0 }
			no_phenomenon=0.500
			rain_light=0.250
			rain_heavy=0.100
			snow=0.000
			blizzard=0.000
			arctic_water=0.000
			mud=1.000
			sandstorm=0.000
			min_snow_level=0.000
		}
		period={
			between={ 0.7 30.7 }
			temperature={ 12.0 30.0 }
			no_phenomenon=0.500
			rain_light=0.250
			rain_heavy=0.100
			snow=0.000
			blizzard=0.000
			arctic_water=0.000
			mud=1.000
			sandstorm=0.000
			min_snow_level=0.000
		}
		period={
			between={ 0.8 29.8 }
			temperature={ 12.0 30.0 }
			no_phenomenon=0.500
			rain_light=0.250
			rain_heavy=0.100
			snow=0.000
			blizzard=0.000
			arctic_water=0.000
			mud=1.000
			sandstorm=0.000
			min_snow_level=0.000
		}
		period={
			between={ 0.9 30.9 }
			temperature={ 12.0 30.0 }
			no_phenomenon=0.500
			rain_light=0.250
			rain_heavy=0.100
			snow=0.000
			blizzard=0.000
			arctic_water=0.000
			mud=1.000
			sandstorm=0.000
			min_snow_level=0.000
		}
		period={
			between={ 0.10 29.10 }
			temperature={ 12.0 30.0 }
			no_phenomenon=0.500
			rain_light=0.250
			rain_heavy=0.100
			snow=0.000
			blizzard=0.000
			arctic_water=0.000
			mud=1.000
			sandstorm=0.000
			min_snow_level=0.000
		}
		period={
			between={ 0.11 30.11 }
			temperature={ 12.0 30.0 }
			no_phenomenon=0.500
			rain_light=0.250
			rain_heavy=0.100
			snow=0.000
			blizzard=0.000
			arctic_water=0.000
			mud=1.000
			sandstorm=0.000
			min_snow_level=0.000
		}
	}
}
