strategic_region={
	id=18
	name="STRATEGICREGION_18"
	provinces = {
        544 1367 1949 3405 3523 4283 4477 4656 5135 5573 5614 6932 7283 7634 8553 8998 9201 9208 9653 9900 9924 10044 10550 10796 10870 11128 11640 11653 13498 13507 13528 13557 13569 13595 13598 13605 13606 13632 13634 13639 13644 13647 13663 13664 13672 13679 13687 13697 13706 13729 13747 13759 13768 13769 13782 13796 13811 13820 652 1093 1123 2494 2845 3146 3572 3642 3767 4249 4424 5215 5248 5286 5559 6365 6662 6679 6791 6793 6954 7220 7567 7878 8075 8112 8150 8421 9600 9619 9664 9888 9987 9990 10151 10297 10956 10967 11006 11064 11152 11528 11612 11685 11816 12028 13096 13112 13113 13114 13136 13144 13185 13214 13222 13231 13233 13251 13259 13263 13269 13271 13289 13308 13309 13310 13340 13348 13369 13380 13408 13409 13429 13430 13434 13438 13452 13468 13473 13484 13488 13534 13587 18032 6080 13735 10678 895 1562 1630 2374 3024 3258 3367 3516 3951 4861 5488 5630 6119 6149 6660 6991 7180 7501 7641 7769 7821 7879 8380 9041 9383 9684 10275 10662 10689 10773 10953 11002 11117 11286 11680 11843 11994 12070 12918 12929 12951 12952 12966 12967 12969 12978 12993 13000 13035 13037 13053 13060 13065 13066 13079 13080 13106 13107 13131 13162 13167 18029 2699 6229 6322 6822 9715 11990 13311 13353 13388 13400 13435 13499 13544 13576 676 786 1252 1345 2283 2325 2432 2789 3044 3949 4376 4841 4941 5513 5958 6242 6330 6945 7357 7569 7609 7868 7874 7889 7982 8126 8517 8718 9046 9081 9475 9759 10290 10308 10697 10703 10743 10809 11055 11662 11731 12104 13501 13567 13577 13618 13623 13626 13642 13680 13715 13717 13799 13803 13807 13822 13844 13873 13881 13909 13925 1026 1981 2398 2498 3070 3463 4348 4742 4910 5108 5129 6086 6418 6524 6578 6737 7318 7382 7928 7979 8156 8647 8664 8929 9146 9426 9587 9726 9827 9932 10168 10191 10288 10339 10642 10864 11194 11453 11477 11573 11682 11688 11894 11992 12044 12097 12098 13813 13821 13831 13842 13845 13860 13863 13864 13874 13885 13889 13895 13908 13932 13938 13954 13955 13956 13964 13968 13987 13992 13997 14028 14029 14038 14041 14047 14055 14080 14083 14089 14112 14129 14140 14161 14174 14200 14249 56 345 1382 2363 2552 2829 2940 4407 5505 6059 6637 6705 7005 7051 7328 7717 7884 8010 8151 9023 9616 10213 11221 11358 11896 13888 13893 13936 13937 13961 13963 13965 13981 14023 14027 14054 14074 14079 14127 14160 14186 14199 88 704 757 904 1034 1228 1850 1956 2085 2092 2098 2523 2719 2726 3166 3253 3534 3678 3863 3876 4048 4108 4305 4560 5009 5037 5097 5244 5817 5966 6058 6214 6237 6345 6427 6528 6611 6780 6815 6835 7182 7306 7670 7925 8691 9310 9375 9439 9645 9909 9911 9947 10085 10204 10505 10660 11384 11656 11946 11971 12092 14227 14231 14248 14270 14275 14316 14332 14368 14377 14387 14434 14439 14462 14477 14484 14485 14534 14581 14603 14625 14630 14634 88 704 757 904 1034 1228 1850 1956 2085 2092 2098 2523 2719 2726 3166 3253 3534 3678 3863 3876 4048 4108 4305 4560 5009 5037 5097 5244 5817 5966 6058 6214 6237 6345 6427 6528 6611 6780 6815 6835 7182 7306 7670 7925 8691 9310 9375 9439 9645 9909 9911 9947 10085 10204 10505 10660 11384 11656 11946 11971 12092 14227 14231 14248 14270 14275 14316 14332 14368 14377 14387 14434 14439 14462 14477 14484 14485 14534 14581 14603 14625 14630 14634 2462 3022 3087 3308 3529 3790 4029 4106 4268 4359 4490 4876 5057 5477 5653 6095 6339 6508 7750 8021 8085 8334 8445 8461 8491 8794 8956 9819 10174 10404 10409 10521 10845 11241 11247 11764 13919 13931 13967 13985 14067 14108 14145 14162 14173 14221 14222 14228 14339 14407 14447 14569 11563 9788 14274 6426 14057 13830 13712 11851 14058 6632 11022 18044
	}
	weather={
		period={
			between={ 0.0 30.0 }
			temperature={ 12.0 30.0 }
			no_phenomenon=0.500
			rain_light=0.250
			rain_heavy=0.100
			snow=0.000
			blizzard=0.000
			arctic_water=0.000
			mud=1.000
			sandstorm=0.000
			min_snow_level=0.000
		}
		period={
			between={ 0.1 27.1 }
			temperature={ 12.0 30.0 }
			no_phenomenon=0.500
			rain_light=0.250
			rain_heavy=0.100
			snow=0.000
			blizzard=0.000
			arctic_water=0.000
			mud=1.000
			sandstorm=0.000
			min_snow_level=0.000
		}
		period={
			between={ 0.2 30.2 }
			temperature={ 12.0 30.0 }
			no_phenomenon=0.500
			rain_light=0.250
			rain_heavy=0.100
			snow=0.000
			blizzard=0.000
			arctic_water=0.000
			mud=1.000
			sandstorm=0.000
			min_snow_level=0.000
		}
		period={
			between={ 0.3 29.3 }
			temperature={ 12.0 30.0 }
			no_phenomenon=0.500
			rain_light=0.250
			rain_heavy=0.100
			snow=0.000
			blizzard=0.000
			arctic_water=0.000
			mud=1.000
			sandstorm=0.000
			min_snow_level=0.000
		}
		period={
			between={ 0.4 30.4 }
			temperature={ 12.0 30.0 }
			no_phenomenon=0.500
			rain_light=0.250
			rain_heavy=0.100
			snow=0.000
			blizzard=0.000
			arctic_water=0.000
			mud=1.000
			sandstorm=0.000
			min_snow_level=0.000
		}
		period={
			between={ 0.5 29.5 }
			temperature={ 12.0 30.0 }
			no_phenomenon=0.500
			rain_light=0.250
			rain_heavy=0.100
			snow=0.000
			blizzard=0.000
			arctic_water=0.000
			mud=1.000
			sandstorm=0.000
			min_snow_level=0.000
		}
		period={
			between={ 0.6 30.6 }
			temperature={ 12.0 30.0 }
			no_phenomenon=0.500
			rain_light=0.250
			rain_heavy=0.100
			snow=0.000
			blizzard=0.000
			arctic_water=0.000
			mud=1.000
			sandstorm=0.000
			min_snow_level=0.000
		}
		period={
			between={ 0.7 30.7 }
			temperature={ 12.0 30.0 }
			no_phenomenon=0.500
			rain_light=0.250
			rain_heavy=0.100
			snow=0.000
			blizzard=0.000
			arctic_water=0.000
			mud=1.000
			sandstorm=0.000
			min_snow_level=0.000
		}
		period={
			between={ 0.8 29.8 }
			temperature={ 12.0 30.0 }
			no_phenomenon=0.500
			rain_light=0.250
			rain_heavy=0.100
			snow=0.000
			blizzard=0.000
			arctic_water=0.000
			mud=1.000
			sandstorm=0.000
			min_snow_level=0.000
		}
		period={
			between={ 0.9 30.9 }
			temperature={ 12.0 30.0 }
			no_phenomenon=0.500
			rain_light=0.250
			rain_heavy=0.100
			snow=0.000
			blizzard=0.000
			arctic_water=0.000
			mud=1.000
			sandstorm=0.000
			min_snow_level=0.000
		}
		period={
			between={ 0.10 29.10 }
			temperature={ 12.0 30.0 }
			no_phenomenon=0.500
			rain_light=0.250
			rain_heavy=0.100
			snow=0.000
			blizzard=0.000
			arctic_water=0.000
			mud=1.000
			sandstorm=0.000
			min_snow_level=0.000
		}
		period={
			between={ 0.11 30.11 }
			temperature={ 12.0 30.0 }
			no_phenomenon=0.500
			rain_light=0.250
			rain_heavy=0.100
			snow=0.000
			blizzard=0.000
			arctic_water=0.000
			mud=1.000
			sandstorm=0.000
			min_snow_level=0.000
		}
	}
}
