strategic_region = {
	id = 2
	name = "STRATEGICREGION_2"

	provinces = {
		126 142 167 214 327 480 561 564 615 727 787 1021 1053 1080 1092 1136 1144 1146 1157 1342 1369 1436 1650 1684 1721 2029 2093 2094 2114 2149 2255 2593 2646 2658 2665 2675 2724 2727 2765 2817 2826 2870 2964 2986 2987 3148 3162 3199 3272 3294 3313 3488 3526 3566 3575 3671 3754 3776 3789 3829 3869 3879 3958 3967 4050 4201 4432 4494 4508 4582 4606 4652 4708 4832 4877 4895 5029 5040 5065 5070 5073 5162 5182 5187 5257 5280 5303 5309 5329 5333 5344 5364 5378 5507 5588 5673 5748 5766 5791 5806 5810 5816 5830 5853 5897 5907 5941 5965 5977 5982 6002 6004 6040 6047 6133 6224 6331 6369 6375 6494 6603 6623 6677 6691 6745 6823 6860 6862 6867 6953 6983 6987 7073 7106 7114 7124 7197 7217 7263 7307 7325 7389 7456 7469 7471 7500 7542 7544 7582 7587 7596 7600 7610 7674 7682 7697 7703 7746 7754 7844 7848 7872 7934 8022 8023 8072 8130 8171 8203 8206 8234 8269 8293 8296 8320 8366 8367 8391 8404 8433 8473 8533 8572 8581 8601 8636 8679 8760 8785 8788 8800 8826 8834 8870 8887 8899 8900 8904 8933 8962 9038 9043 9105 9112 9142 9207 9211 9232 9242 9248 9307 9313 9344 9350 9371 9377 9409 9421 9450 9460 9476 9482 9486 9492 9541 9544 9559 9601 9608 9610 9613 9623 9627 9640 9647 9668 9733 9735 9737 9842 9863 9879 9883 9890 9896 9904 9920 9952 9957 9978 9980 9992 10005 10007 10105 10108 10133 10175 10236 10254 10298 10299 10310 10317 10323 10369 10374 10375 10391 10396 10399 10442 10450 10469 10476 10478 10500 10506 10540 10561 10577 10608 10610 10645 10680 10741 10759 10761 10819 10847 10882 10894 10914 10917 10942 10964 11016 11018 11051 11086 11092 11136 11148 11163 11207 11227 11236 11246 11270 11277 11326 11334 11336 11344 11369 11390 11481 11558 11574 11597 11620 11665 11706 11711 11728 11770 11798 11810 11814 11826 11845 11864 11893 11904 11915 11928 11938 12015 12069 12072 12078 14647 14834 14836 14867 14875 14887 14912 14925 14940 14957 14961 14962 14989 14990 14992 14996 15020 15028 15038 15041 15048 15053 15057 15073 15076 15088 15089 15098 15099 15105 15108 15114 15115 15125 15133 15134 15141 15142 15145 15149 15154 15159 15165 15171 15172 15177 15187 15199 15202 15210 15211 15221 15226 15227 15229 15246 15247 15257 15268 15278 15284 15287 15301 15304 15313 15322 15323 15331 15362 15363 15368 15377 15381 15382 15386 15390 15394 15406 15407 15414 15415 15425 15459 15461 15466 15473 15480 15494 15500 15511 15516 15522 15536 15537 15551 15552 15556 15557 15558 15570 15575 15576 15595 15597 15611 15612 15615 15625 15629 15630 15634 15643 15644 15652 15657 15658 15671 15677 15678 15684 15690 15696 15707 15708 15719 15725 15729 15733 15740 15741 15745 15748 15753 15757 15766 15772 15778 15779 15784 15785 15789 15790 15795 15806 15810 15811 15816 15817 15825 15833 15834 15838 15848 15853 15856 15857 15867 15874 15875 15877 15884 15886 15888 15889 15892 15895 15909 15910 15912 15916 15930 15938 15941 15946 15947 15952 15955 15978 15982 15991 15998 16001 16004 16010 16029 16044 16045 16047 16049 16051 16054 16056 16061 16071 16077 16078 16082 16087 16088 16092 16098 16119 16124 16129 16130 16131 16136 16152 16158 16165 16172 16182 16184 16189 16193 16196 16208 16212 16214 16222 16252 16273 16279 16297 16304 16309 16330 16341 16353 16357 16366 16381 16393 16396 16398 16399 16406 16411 16422 16428 16429 16459 16460 16461 16466 16470 16471 16477 16480 16487 16488 16493 16500 16504 16532 16536 16610 16859 16937 16953 16956 16961 16973 16979 17472 17473 17477 18068 18070 18071 18072 18073 18076 18078 18083 18084 18086 18089 18093 18094 18095 18096 18097 18098 18101 18102 18104 18105 18106 18108 18111 18119 18124 18126 18128 18137 18211 18212 18213 18214 18215 18216 18217 18218 18219 18220 18221 18222 18223 18224 18225 18226 18227 18228 18229 18230 18231 18232 18244 18245 18246 18247 18248 18249 18250 18251 18252 18253 18254 18255 18256 18258 18259 18260 18272 18273 18274 18275 18276 18277 18278 18279 18280 18281 18282 18283 18284 18285 18286 18287 18288 18289 18290 18291 18292 18293 18294 18295 18296 18297 18298 18299 18300 18301 18314 18316 18317 18318 18319 18320 18321 18322 18323 18324 18325 18326 18327 18328 18329 18330 18331 18332 18333 18334 18335 18336 18337 18338 18339 18340 18341 18342 18343 18344 18345 18346 18347 18348 18349 18350 18351 18352 18353 18354 18355 18358 18359 18360 18361 18362 18363 18364 18365 18366 18367 18368 18369 18370 18371 18372 18373 18374 18375 18376 18377 18378 18379 18380 18399 18400 18401 18402 18403 18404 18405 18406 18407 18408 18410 18411 18412 18413 18414 18415 18416 18417 18418 18419 18420 18421 18422 18423 18424 18425 18426 18427 18428 18429 18430 18431 18432 18433 18434 18435 18436 18437 18438 18439 18440 18441 18442 18443 18444 18445 18446 18447 18448 18450 18451 18452 18453 18454 18455 18456 18457 18458 18459 18460 18461 18462 18463 18464 18473 18474 18475 18476 18477 18478 18479 18480 18481 18482 18483 18484 18485 18486 18487 18488 18489 18490 18491 18492 18493 18494 18495 18496 18497 18498 18499 18500 18501 18502 18503 18504 18505 18506 18507 18515 18516 18521 18522 18523 18524 18525 18526 18527 18528 18529 18530 18531 18532 18533 18534 18535 18536 18537 18538 18539 18540 18541 18542 18543 18544 18546 18547 18548 18549 18550 18553 18554 18555 18556 18557 18558 18559 18560 18561 18562 18563 18564 18573 18575 18576 18577 18578 18579 18580 18581 18582 18583 18584 18585 18586 18587 18588 18589 18590 18591 18592 18593 18594 18595 18600 18601 18602 18603 18604 18605 18606 18607 18608 18609 18610 18611 18612 18613 18614 18615
	}

	weather = {
		period = {
			between = { 0.0 30.0 }
			temperature = { -15 -5 }
			no_phenomenon = 0.3
			rain_light = 0
			rain_heavy = 0
			snow = 0.5
			blizzard = 0.2
			arctic_water = 0
			mud = 0
			sandstorm = 0
			min_snow_level = 0
		}
		period = {
			between = { 0.1 27.1 }
			temperature = { -10 2 }
			no_phenomenon = 0.4
			rain_light = 0
			rain_heavy = 0
			snow = 0.4
			blizzard = 0.2
			arctic_water = 0
			mud = 0
			sandstorm = 0
			min_snow_level = 0
		}
		period = {
			between = { 0.2 30.2 }
			temperature = { -2 10 }
			no_phenomenon = 0.2
			rain_light = 0.3
			rain_heavy = 0
			snow = 0
			blizzard = 0
			arctic_water = 0
			mud = 0.5
			sandstorm = 0
			min_snow_level = 0
		}
		period = {
			between = { 0.3 29.3 }
			temperature = { 8 18 }
			no_phenomenon = 0.5
			rain_light = 0.5
			rain_heavy = 0
			snow = 0
			blizzard = 0
			arctic_water = 0
			mud = 0
			sandstorm = 0
			min_snow_level = 0
		}
		period = {
			between = { 0.4 30.4 }
			temperature = { 15 22 }
			no_phenomenon = 0.7
			rain_light = 0.3
			rain_heavy = 0
			snow = 0
			blizzard = 0
			arctic_water = 0
			mud = 0
			sandstorm = 0
			min_snow_level = 0
		}
		period = {
			between = { 0.5 29.5 }
			temperature = { 18 28 }
			no_phenomenon = 0.7
			rain_light = 0.2
			rain_heavy = 0.1
			snow = 0
			blizzard = 0
			arctic_water = 0
			mud = 0
			sandstorm = 0
			min_snow_level = 0
		}
		period = {
			between = { 0.6 30.6 }
			temperature = { 20 30 }
			no_phenomenon = 0.8
			rain_light = 0.2
			rain_heavy = 0
			snow = 0
			blizzard = 0
			arctic_water = 0
			mud = 0
			sandstorm = 0
			min_snow_level = 0
		}
		period = {
			between = { 0.7 30.7 }
			temperature = { 20 30 }
			no_phenomenon = 0.8
			rain_light = 0.2
			rain_heavy = 0
			snow = 0
			blizzard = 0
			arctic_water = 0
			mud = 0
			sandstorm = 0
			min_snow_level = 0
		}
		period = {
			between = { 0.8 29.8 }
			temperature = { 12 22 }
			no_phenomenon = 0.6
			rain_light = 0.4
			rain_heavy = 0
			snow = 0
			blizzard = 0
			arctic_water = 0
			mud = 0
			sandstorm = 0
			min_snow_level = 0
		}
		period = {
			between = { 0.9 30.9 }
			temperature = { 5 15 }
			no_phenomenon = 0.4
			rain_light = 0.4
			rain_heavy = 0
			snow = 0
			blizzard = 0
			arctic_water = 0
			mud = 0.2
			sandstorm = 0
			min_snow_level = 0
		}
		period = {
			between = { 0.10 29.10 }
			temperature = { 0 8 }
			no_phenomenon = 0.3
			rain_light = 0.4
			rain_heavy = 0
			snow = 0
			blizzard = 0
			arctic_water = 0
			mud = 0.3
			sandstorm = 0
			min_snow_level = 0
		}
		period = {
			between = { 0.11 30.11 }
			temperature = { -8 2 }
			no_phenomenon = 0.4
			rain_light = 0
			rain_heavy = 0
			snow = 0.5
			blizzard = 0.1
			arctic_water = 0
			mud = 0
			sandstorm = 0
			min_snow_level = 0
		}
	}
}
