strategic_region={
	id=2
	name="STRATEGICREGION_2"
	provinces = {
	 5954 7146 8884 9943 11314 15902 15949 18237 18238 18239 18240 18241 18242 18243 8540 18234 18235 18236 384 15911 15935 15973 15996 16037 16054 433 2874 3786 4514 5167 6761 6874 7144 7289 7823 8054 8164 8527 9545 10043 11540 15649 15663 15669 15706 15713 15739 15755 15771 15788 15794 15813 15820 15837 15872 1443 4543 4624 5298 6688 8114 8719 9523 11367 11803 11956 15722 15747 15756 15809 15842 15885 15899 15908 15945 613 3473 4330 4924 5035 5267 5598 6181 7238 7314 8069 8693 9039 9378 9570 9705 10734 11329 15929 15963 15989 16020 16023 16055 16074 16075 16086 16135 16118 2490 3582 16070 16104 16108 16113 16151 2366 3120 3433 3849 5422 5669 5928 5976 6159 7603 8099 11838 11995 16175 16185 16211 16217 16244 16295 16313 16327 16380 16207 39 5209 6223 6279 6803 8173 8556 8972 8980 16188 16201 16206 16210 16225 16234 16248 16267 16272 16275 16299 17985 7105 7779 16156 16164 16181 16183 17984 1462 3634 3690 4529 6496 7950 8616 9078 10262 10270 10525 16292 16319 16329 16349 16368 16385 16386 16405 16420 16446 16469 16492 307 2286 2622 3609 3841 4173 5511 5522 6432 6715 7195 7875 8291 8544 8583 9563 9857 9982 9997 10041 10351 11552 16484 16511 16527 16542 16561 16564 16574 16577 16598 16611 16615 16628 16635 16653 16683 16684 8115 11510 16637 3581 4191 4819 5391 7226 7310 7643 7940 9131 10008 10066 10320 10424 10512 10535 10639 10857 11208 11635 11888 16516 16562 16578 16582 16585 16599 16617 16620 16621 16685 16686 16692 16723 16732 16764 16774 16789 16792 16804 16805 16816 2179 3032 3571 5417 5568 6301 6337 6642 7490 7827 7833 9954 10201 10781 10815 11231 11330 11584 16508 16595 16640 16673 16679 16696 16728 17477 3541 3701 5398 5485 5624 7033 8277 8336 8398 8555 9284 9599 9934 10180 10355 10911 11561 11906 16433 16440 16473 16490 16495 16509 16520 16530 16531 16546 16559 16588 16643 16654 16674 18131 5945 12067 16675 986 5675 6522 7656 8311 10215 10694 10827 15728 15775 15870 15962 15988 16016 16036 16081 2700 3379 3975 3976 4069 5695 6131 6396 6852 6901 7529 8472 9416 10605 11161 11695 11876 16261 16302 16303 16345 16369 16395 16432 16462 16476 16486 16543 6505 8723 16221 1546 2474 2748 7701 7799 8853 9692 10166 10782 10918 11279 11379 11452 11757 11945 16356 16392 16421 16423 16455 16465 16483 16499 16549 3401 2001 2911 4107 5826 6010 7576 8290 8510 8562 9054 9088 9161 9374 9648 11077 11393 11755 16093 16105 16140 16153 16176 16190 16213 16235 16251 16258 16268 16276 8890 3838 1592 1701 4253 4947 5381 6813 7897 8202 9834 10009 10532 10779 11046 11456 11673 11780 16157 16186 16229 16246 16264 16265 16314 16336 16348 16374 16375 16387 5436 6140 10604 11463 16017 16046 2397 3580 3911 4233 4522 5227 5979 8265 8840 9734 11553 15915 15951 15974 16076 2415 2505 2825 3560 4937 5211 6299 8321 8756 9133 9520 9591 10755 10880 11502 11763 16453 16489 16497 16535 16554 16566 16587 16614 7094 8107 9786 10609 16352 16361 16391 16416 157 3810 3887 5165 5363 6880 7659 7747 7887 7953 7993 8063 9708 10418 10896 10941 11387 11413 11576 11650 11794 16663 16689 16700 16713 16753 16765 16772 16793 16837 16844 16856 16866 16890 17991 18140 18142 18131 8960 17474 18233 850 1317 4852 6876 8323 10753 11557 11986 16128 16198 16203 16230 16269 16296 7342 10169 18139 18136
	 16934
	}
	weather={
		period={
			between={ 0.0 30.0 }
			temperature={ 12.0 30.0 }
			no_phenomenon=0.500
			rain_light=0.250
			rain_heavy=0.100
			snow=0.000
			blizzard=0.000
			arctic_water=0.000
			mud=1.000
			sandstorm=0.000
			min_snow_level=0.000
		}
		period={
			between={ 0.1 27.1 }
			temperature={ 12.0 30.0 }
			no_phenomenon=0.500
			rain_light=0.250
			rain_heavy=0.100
			snow=0.000
			blizzard=0.000
			arctic_water=0.000
			mud=1.000
			sandstorm=0.000
			min_snow_level=0.000
		}
		period={
			between={ 0.2 30.2 }
			temperature={ 12.0 30.0 }
			no_phenomenon=0.500
			rain_light=0.250
			rain_heavy=0.100
			snow=0.000
			blizzard=0.000
			arctic_water=0.000
			mud=1.000
			sandstorm=0.000
			min_snow_level=0.000
		}
		period={
			between={ 0.3 29.3 }
			temperature={ 12.0 30.0 }
			no_phenomenon=0.500
			rain_light=0.250
			rain_heavy=0.100
			snow=0.000
			blizzard=0.000
			arctic_water=0.000
			mud=1.000
			sandstorm=0.000
			min_snow_level=0.000
		}
		period={
			between={ 0.4 30.4 }
			temperature={ 12.0 30.0 }
			no_phenomenon=0.500
			rain_light=0.250
			rain_heavy=0.100
			snow=0.000
			blizzard=0.000
			arctic_water=0.000
			mud=1.000
			sandstorm=0.000
			min_snow_level=0.000
		}
		period={
			between={ 0.5 29.5 }
			temperature={ 12.0 30.0 }
			no_phenomenon=0.500
			rain_light=0.250
			rain_heavy=0.100
			snow=0.000
			blizzard=0.000
			arctic_water=0.000
			mud=1.000
			sandstorm=0.000
			min_snow_level=0.000
		}
		period={
			between={ 0.6 30.6 }
			temperature={ 12.0 30.0 }
			no_phenomenon=0.500
			rain_light=0.250
			rain_heavy=0.100
			snow=0.000
			blizzard=0.000
			arctic_water=0.000
			mud=1.000
			sandstorm=0.000
			min_snow_level=0.000
		}
		period={
			between={ 0.7 30.7 }
			temperature={ 12.0 30.0 }
			no_phenomenon=0.500
			rain_light=0.250
			rain_heavy=0.100
			snow=0.000
			blizzard=0.000
			arctic_water=0.000
			mud=1.000
			sandstorm=0.000
			min_snow_level=0.000
		}
		period={
			between={ 0.8 29.8 }
			temperature={ 12.0 30.0 }
			no_phenomenon=0.500
			rain_light=0.250
			rain_heavy=0.100
			snow=0.000
			blizzard=0.000
			arctic_water=0.000
			mud=1.000
			sandstorm=0.000
			min_snow_level=0.000
		}
		period={
			between={ 0.9 30.9 }
			temperature={ 12.0 30.0 }
			no_phenomenon=0.500
			rain_light=0.250
			rain_heavy=0.100
			snow=0.000
			blizzard=0.000
			arctic_water=0.000
			mud=1.000
			sandstorm=0.000
			min_snow_level=0.000
		}
		period={
			between={ 0.10 29.10 }
			temperature={ 12.0 30.0 }
			no_phenomenon=0.500
			rain_light=0.250
			rain_heavy=0.100
			snow=0.000
			blizzard=0.000
			arctic_water=0.000
			mud=1.000
			sandstorm=0.000
			min_snow_level=0.000
		}
		period={
			between={ 0.11 30.11 }
			temperature={ 12.0 30.0 }
			no_phenomenon=0.500
			rain_light=0.250
			rain_heavy=0.100
			snow=0.000
			blizzard=0.000
			arctic_water=0.000
			mud=1.000
			sandstorm=0.000
			min_snow_level=0.000
		}
	}
}
