strategic_region={
	id=24
	name="STRATEGICREGION_24"
	provinces = {
        302 859 889 1366 2142 2265 2742 2971 3240 3447 3476 3522 3619 3724 4461 4634 5012 5021 5033 5199 5266 5490 5579 5803 6093 6409 6586 6615 6626 6703 6712 6749 7274 7406 7572 7577 7604 7654 7795 7916 8089 8493 8917 8938 9306 9467 9729 10112 10216 10372 10467 10700 11126 11867 12649 12654 12655 12672 12733 12777 12801 12908 12911 12959 13014 13015 13023 13039 13074 13086 13087 13135 13142 13151 13161 13189 13200 13207 13217 13322 18024 18025 18026 1058 1713 2022 2706 3235 4061 4463 6216 7361 7363 7527 7579 7589 7637 8303 8942 10607 11262 11748 12016 13425 13520 13616 506 881 1430 1452 1489 1766 1868 2529 2763 3043 3927 4122 4436 4704 4869 4905 5196 5356 5778 5825 6293 6748 6990 7520 7912 8192 8344 9443 10627 10833 10916 11772 12627 12673 12711 12748 12761 12787 12793 12824 12853 12896 12903 12922 12956 13044 13095 404 622 681 729 1082 1285 3497 4149 4714 4928 5554 5740 6455 6604 7299 7728 7913 8026 8082 8646 9448 9958 10208 10859 11114 11698 12681 12687 12724 12859 12957 12975 13018 317 522 624 1273 1401 1525 1689 1925 2002 2200 2433 2610 2690 2937 2946 3018 3149 3254 3398 3568 3654 4094 4109 4653 4792 5085 5146 5342 5558 5601 5841 6489 6535 6694 7091 7256 7852 8090 9303 9631 9667 10113 10210 10530 10721 10764 10834 11065 11447 11817 12741 12773 12778 12825 12830 12871 12872 12916 13036 13088 13101 13139 13229 40 55 96 236 381 497 857 1202 1522 1589 1835 2162 2627 2833 3165 3626 3894 3996 4337 4415 4579 4683 5048 5114 5137 5474 5664 5665 5744 5840 5933 6439 6554 7035 7125 7158 7620 7892 8062 8133 8237 9415 9562 9577 9644 10410 10433 10515 10575 10632 11037 11360 11964 13191 13262 13280 13366 13461 13470 13483 13511 13523 13524 13548 13594 13646 13653 13716 13740 13795 13852 2237 2310 2682 2762 3439 4066 4858 5045 5835 6278 6382 6610 7359 7565 8345 8481 8573 9087 10071 10110 10273 10701 10738 11094 11922 11943 13691 13728 13751 13758 13906 13977 18043 7 647 693 795 960 1070 1357 1610 1695 1971 2278 2280 2513 2677 3060 4456 4507 4993 5571 5575 5672 5852 5920 5961 7467 7977 8233 8464 8803 9417 10249 10584 10614 11063 11100 11901 11983 13258 13297 13301 13404 13447 13448 13451 13460 13480 13532 13556 13575 13621 13661 13695 13794 13847 666 836 1420 1585 1910 3255 3319 4188 4468 5121 5656 6358 6754 7286 8359 9425 13966 14039 14048 14125 14152 14171 14281 14288 14302 14364 3570
    }
	weather={
		period={
			between={ 0.0 30.0 }
			temperature={ 12.0 30.0 }
			no_phenomenon=0.500
			rain_light=0.250
			rain_heavy=0.100
			snow=0.000
			blizzard=0.000
			arctic_water=0.000
			mud=1.000
			sandstorm=0.000
			min_snow_level=0.000
		}
		period={
			between={ 0.1 27.1 }
			temperature={ 12.0 30.0 }
			no_phenomenon=0.500
			rain_light=0.250
			rain_heavy=0.100
			snow=0.000
			blizzard=0.000
			arctic_water=0.000
			mud=1.000
			sandstorm=0.000
			min_snow_level=0.000
		}
		period={
			between={ 0.2 30.2 }
			temperature={ 12.0 30.0 }
			no_phenomenon=0.500
			rain_light=0.250
			rain_heavy=0.100
			snow=0.000
			blizzard=0.000
			arctic_water=0.000
			mud=1.000
			sandstorm=0.000
			min_snow_level=0.000
		}
		period={
			between={ 0.3 29.3 }
			temperature={ 12.0 30.0 }
			no_phenomenon=0.500
			rain_light=0.250
			rain_heavy=0.100
			snow=0.000
			blizzard=0.000
			arctic_water=0.000
			mud=1.000
			sandstorm=0.000
			min_snow_level=0.000
		}
		period={
			between={ 0.4 30.4 }
			temperature={ 12.0 30.0 }
			no_phenomenon=0.500
			rain_light=0.250
			rain_heavy=0.100
			snow=0.000
			blizzard=0.000
			arctic_water=0.000
			mud=1.000
			sandstorm=0.000
			min_snow_level=0.000
		}
		period={
			between={ 0.5 29.5 }
			temperature={ 12.0 30.0 }
			no_phenomenon=0.500
			rain_light=0.250
			rain_heavy=0.100
			snow=0.000
			blizzard=0.000
			arctic_water=0.000
			mud=1.000
			sandstorm=0.000
			min_snow_level=0.000
		}
		period={
			between={ 0.6 30.6 }
			temperature={ 12.0 30.0 }
			no_phenomenon=0.500
			rain_light=0.250
			rain_heavy=0.100
			snow=0.000
			blizzard=0.000
			arctic_water=0.000
			mud=1.000
			sandstorm=0.000
			min_snow_level=0.000
		}
		period={
			between={ 0.7 30.7 }
			temperature={ 12.0 30.0 }
			no_phenomenon=0.500
			rain_light=0.250
			rain_heavy=0.100
			snow=0.000
			blizzard=0.000
			arctic_water=0.000
			mud=1.000
			sandstorm=0.000
			min_snow_level=0.000
		}
		period={
			between={ 0.8 29.8 }
			temperature={ 12.0 30.0 }
			no_phenomenon=0.500
			rain_light=0.250
			rain_heavy=0.100
			snow=0.000
			blizzard=0.000
			arctic_water=0.000
			mud=1.000
			sandstorm=0.000
			min_snow_level=0.000
		}
		period={
			between={ 0.9 30.9 }
			temperature={ 12.0 30.0 }
			no_phenomenon=0.500
			rain_light=0.250
			rain_heavy=0.100
			snow=0.000
			blizzard=0.000
			arctic_water=0.000
			mud=1.000
			sandstorm=0.000
			min_snow_level=0.000
		}
		period={
			between={ 0.10 29.10 }
			temperature={ 12.0 30.0 }
			no_phenomenon=0.500
			rain_light=0.250
			rain_heavy=0.100
			snow=0.000
			blizzard=0.000
			arctic_water=0.000
			mud=1.000
			sandstorm=0.000
			min_snow_level=0.000
		}
		period={
			between={ 0.11 30.11 }
			temperature={ 12.0 30.0 }
			no_phenomenon=0.500
			rain_light=0.250
			rain_heavy=0.100
			snow=0.000
			blizzard=0.000
			arctic_water=0.000
			mud=1.000
			sandstorm=0.000
			min_snow_level=0.000
		}
	}
}
