strategic_region={
	id=29
	name="STRATEGICREGION_29"
	provinces = {
        24 27 63 79 86 90 105 119 135 145 151 171 174 271 297 315 348 405 418 436 483 509 582 585 595 657 675 749 776 851 856 869 883 952 977 990 1032 1078 1226 1255 1268 1470 1517 1544 1593 1663 1699 1792 1809 1824 1833 1878 1941 1994 2132 2137 2168 2190 2249 2339 2359 2404 2458 2509 2531 2535 2761 2790 2890 2896 2914 3057 3068 3073 3137 3172 3182 3193 3239 3263 3292 3396 3436 3453 3466 3565 3645 3670 3680 3735 3866 3910 4387 4462 4482 4618 4694 4726 4732 4753 4807 4856 4969 4978 5001 5161 5258 5274 5419 5434 5628 5685 5698 5727 5870 5883 5915 5935 5956 5957 5967 5973 6068 6087 6091 6097 6099 6160 6235 6306 6356 6466 6547 6565 6584 6655 6670 6707 6718 6769 6839 6993 7048 7063 7133 7205 7248 7261 7293 7335 7355 7377 7383 7444 7508 7517 7560 7685 7829 7942 7946 8157 8211 8255 8256 8270 8300 8327 8364 8515 8836 8868 9097 9224 9512 9637 9794 9886 10057 10101 10137 10228 10327 10381 10449 10560 10617 10653 10770 10811 10829 10977 11549 11588 11819 11866 11868 11880 12012 16194 16242 16467 16472 16485 16501 16579 16604 16608 16622 16626 16631 16645 16668 16677 16707 16745 16775 16790 16812 16855 16858 16912 16938 16962 16963 16981 16982 16989 17004 17011 17014 17027 17032 17048 17051 17105 17122 17131 17145 18138 71 771 774 801 811 821 830 984 1283 1310 1576 1612 1890 1966 1970 2075 2176 2238 2629 2636 2637 2863 2910 3129 3145 3219 3449 3937 4011 4052 4063 4073 4079 4117 4736 4822 4840 5028 5122 5124 5153 5223 5315 5668 5689 5884 6421 6484 6763 6923 6943 6956 7727 7935 8215 8316 8501 8743 9170 9241 9373 9767 9870 10023 10373 10527 10583 10593 11149 11583 11944 16317 16331 16358 16436 16448 16541 16567 16664 16754 16757 16767 16808 16886 16907 16993 161 663 843 894 930 1150 1167 1195 1294 1309 1472 1481 1804 1837 1917 2117 2439 2865 2880 3012 3019 3336 3402 3597 3618 3962 4074 4271 4273 4303 4358 4518 4604 4761 5059 5200 5238 5639 6619 6713 7104 7309 7395 7453 7710 7778 8243 8624 8694 9332 9790 9912 10123 10456 10516 11321 11508 11741 11802 11849 11911 11935 11991 17026 17096 17109 17123 17158 17244 17342 17379 176 607 758 1148 1207 1229 1284 1709 1980 2476 2644 2734 3006 3216 3228 3377 3556 3856 4009 4232 4525 4671 4988 5107 5127 5481 5760 6056 6210 6386 7506 7535 7665 7970 8040 9089 9398 9758 9800 10018 10265 15792 15823 15855 15969 15985 15986 15999 16013 16019 16114 16141 16160 16249 9560 9628
	}
	weather={
		period={
			between={ 0.0 30.0 }
			temperature={ 12.0 30.0 }
			no_phenomenon=0.500
			rain_light=0.250
			rain_heavy=0.100
			snow=0.000
			blizzard=0.000
			arctic_water=0.000
			mud=1.000
			sandstorm=0.000
			min_snow_level=0.000
		}
		period={
			between={ 0.1 27.1 }
			temperature={ 12.0 30.0 }
			no_phenomenon=0.500
			rain_light=0.250
			rain_heavy=0.100
			snow=0.000
			blizzard=0.000
			arctic_water=0.000
			mud=1.000
			sandstorm=0.000
			min_snow_level=0.000
		}
		period={
			between={ 0.2 30.2 }
			temperature={ 12.0 30.0 }
			no_phenomenon=0.500
			rain_light=0.250
			rain_heavy=0.100
			snow=0.000
			blizzard=0.000
			arctic_water=0.000
			mud=1.000
			sandstorm=0.000
			min_snow_level=0.000
		}
		period={
			between={ 0.3 29.3 }
			temperature={ 12.0 30.0 }
			no_phenomenon=0.500
			rain_light=0.250
			rain_heavy=0.100
			snow=0.000
			blizzard=0.000
			arctic_water=0.000
			mud=1.000
			sandstorm=0.000
			min_snow_level=0.000
		}
		period={
			between={ 0.4 30.4 }
			temperature={ 12.0 30.0 }
			no_phenomenon=0.500
			rain_light=0.250
			rain_heavy=0.100
			snow=0.000
			blizzard=0.000
			arctic_water=0.000
			mud=1.000
			sandstorm=0.000
			min_snow_level=0.000
		}
		period={
			between={ 0.5 29.5 }
			temperature={ 12.0 30.0 }
			no_phenomenon=0.500
			rain_light=0.250
			rain_heavy=0.100
			snow=0.000
			blizzard=0.000
			arctic_water=0.000
			mud=1.000
			sandstorm=0.000
			min_snow_level=0.000
		}
		period={
			between={ 0.6 30.6 }
			temperature={ 12.0 30.0 }
			no_phenomenon=0.500
			rain_light=0.250
			rain_heavy=0.100
			snow=0.000
			blizzard=0.000
			arctic_water=0.000
			mud=1.000
			sandstorm=0.000
			min_snow_level=0.000
		}
		period={
			between={ 0.7 30.7 }
			temperature={ 12.0 30.0 }
			no_phenomenon=0.500
			rain_light=0.250
			rain_heavy=0.100
			snow=0.000
			blizzard=0.000
			arctic_water=0.000
			mud=1.000
			sandstorm=0.000
			min_snow_level=0.000
		}
		period={
			between={ 0.8 29.8 }
			temperature={ 12.0 30.0 }
			no_phenomenon=0.500
			rain_light=0.250
			rain_heavy=0.100
			snow=0.000
			blizzard=0.000
			arctic_water=0.000
			mud=1.000
			sandstorm=0.000
			min_snow_level=0.000
		}
		period={
			between={ 0.9 30.9 }
			temperature={ 12.0 30.0 }
			no_phenomenon=0.500
			rain_light=0.250
			rain_heavy=0.100
			snow=0.000
			blizzard=0.000
			arctic_water=0.000
			mud=1.000
			sandstorm=0.000
			min_snow_level=0.000
		}
		period={
			between={ 0.10 29.10 }
			temperature={ 12.0 30.0 }
			no_phenomenon=0.500
			rain_light=0.250
			rain_heavy=0.100
			snow=0.000
			blizzard=0.000
			arctic_water=0.000
			mud=1.000
			sandstorm=0.000
			min_snow_level=0.000
		}
		period={
			between={ 0.11 30.11 }
			temperature={ 12.0 30.0 }
			no_phenomenon=0.500
			rain_light=0.250
			rain_heavy=0.100
			snow=0.000
			blizzard=0.000
			arctic_water=0.000
			mud=1.000
			sandstorm=0.000
			min_snow_level=0.000
		}
	}
}
