strategic_region={
	id=34
	name="STRATEGICREGION_34"
	provinces = {
       247 369 398 695 950 1002 1166 1279 1944 2027 2242 2423 2978 3892 4115 4123 4225 4908 5331 5396 5499 5732 5829 6136 6374 6486 7160 7170 7426 8213 8508 9456 9498 10626 11004 11023 11885 12073 12776 12852 12961 13007 13403 18027 32 36 38 59 92 93 168 194 284 287 468 495 518 637 670 682 688 744 824 885 901 947 964 1019 1051 1055 1151 1179 1199 1334 1347 1397 1445 1456 1638 1756 1814 1834 1883 1896 1935 1948 1954 1959 1968 2059 2073 2240 2277 2393 2420 2544 2584 2604 2647 2661 2674 2676 2686 2760 2828 2891 2965 2979 3140 3205 3211 3238 3259 3265 3344 3438 3451 3489 3578 3641 3675 3785 3871 3897 3946 3955 3984 4145 4186 4223 4235 4252 4312 4444 4476 4575 4608 4709 4752 4795 4851 4853 4864 4916 4935 4942 4970 5013 5019 5032 5050 5094 5164 5172 5324 5330 5510 5546 5627 5820 5821 5846 5882 5896 6077 6092 6138 6154 6190 6226 6309 6321 6469 6506 6596 6714 6806 6975 7050 7749 7792 7933 8137 8242 8257 8263 8295 8458 8916 9238 9364 9402 9485 9546 9693 9719 9885 9901 10173 10233 10757 11052 11099 11124 11304 11580 11598 11619 11628 11736 11823 12285 12292 12321 12328 12345 12361 12367 12369 12388 12398 12405 12421 12423 12434 12451 12458 12473 12484 12504 12538 12542 12622 12760 12784 12876 12895 12962 12963 13093 13094 13116 4760 6168 7068 7534 9342 12483 19 95 107 288 420 510 589 958 997 1004 1506 1729 1826 1855 1867 1918 1942 2062 2115 2164 2178 2316 2331 2429 2456 2518 2558 2560 2564 2574 2652 2811 2884 2953 2956 3135 3183 3222 3260 3282 3342 3494 3528 3536 3716 3720 3774 4111 4230 4320 4333 4361 4362 4425 4503 4562 4710 4835 5061 5091 5150 5424 5466 5583 5759 5888 6103 6123 6177 6349 6561 6659 7021 7167 7429 7442 7633 7790 7809 7837 8353 8417 8640 8650 8871 9370 9459 9654 9828 9988 10141 10674 10788 10837 10876 10983 11116 11310 11407 11740 11853 11954 12178 12188 12213 12234 12243 12258 12266 12283 12307 12314 12334 12341 12381 12406 12417 12438 17999 18006 903 6539 12275 329 461 580 586 634 645 742 753 923 1182 1185 1224 1502 1566 1662 1702 1755 1777 1797 1849 1859 1953 2004 2220 2319 2662 2670 2810 2819 3185 3273 3417 3498 3518 3564 3586 3760 3803 3811 3878 3966 3997 4380 4430 4442 4496 4591 4702 4911 4971 5314 5354 5603 5631 5640 6411 6495 6533 6618 6620 6644 6686 6837 6905 7347 7439 7480 7909 7991 8018 8123 8185 8232 8897 8908 9022 9185 9305 9625 10294 10446 11377 11404 11405 11535 11565 11585 11590 12106 12107 12108 12109 12152 12153 12160 12162 12165 12168 12173 12185 12207 12225 12226 12242 17995 18002 17998 18000
	}
	weather={
		period={
			between={ 0.0 30.0 }
			temperature={ 12.0 30.0 }
			no_phenomenon=0.500
			rain_light=0.250
			rain_heavy=0.100
			snow=0.000
			blizzard=0.000
			arctic_water=0.000
			mud=1.000
			sandstorm=0.000
			min_snow_level=0.000
		}
		period={
			between={ 0.1 27.1 }
			temperature={ 12.0 30.0 }
			no_phenomenon=0.500
			rain_light=0.250
			rain_heavy=0.100
			snow=0.000
			blizzard=0.000
			arctic_water=0.000
			mud=1.000
			sandstorm=0.000
			min_snow_level=0.000
		}
		period={
			between={ 0.2 30.2 }
			temperature={ 12.0 30.0 }
			no_phenomenon=0.500
			rain_light=0.250
			rain_heavy=0.100
			snow=0.000
			blizzard=0.000
			arctic_water=0.000
			mud=1.000
			sandstorm=0.000
			min_snow_level=0.000
		}
		period={
			between={ 0.3 29.3 }
			temperature={ 12.0 30.0 }
			no_phenomenon=0.500
			rain_light=0.250
			rain_heavy=0.100
			snow=0.000
			blizzard=0.000
			arctic_water=0.000
			mud=1.000
			sandstorm=0.000
			min_snow_level=0.000
		}
		period={
			between={ 0.4 30.4 }
			temperature={ 12.0 30.0 }
			no_phenomenon=0.500
			rain_light=0.250
			rain_heavy=0.100
			snow=0.000
			blizzard=0.000
			arctic_water=0.000
			mud=1.000
			sandstorm=0.000
			min_snow_level=0.000
		}
		period={
			between={ 0.5 29.5 }
			temperature={ 12.0 30.0 }
			no_phenomenon=0.500
			rain_light=0.250
			rain_heavy=0.100
			snow=0.000
			blizzard=0.000
			arctic_water=0.000
			mud=1.000
			sandstorm=0.000
			min_snow_level=0.000
		}
		period={
			between={ 0.6 30.6 }
			temperature={ 12.0 30.0 }
			no_phenomenon=0.500
			rain_light=0.250
			rain_heavy=0.100
			snow=0.000
			blizzard=0.000
			arctic_water=0.000
			mud=1.000
			sandstorm=0.000
			min_snow_level=0.000
		}
		period={
			between={ 0.7 30.7 }
			temperature={ 12.0 30.0 }
			no_phenomenon=0.500
			rain_light=0.250
			rain_heavy=0.100
			snow=0.000
			blizzard=0.000
			arctic_water=0.000
			mud=1.000
			sandstorm=0.000
			min_snow_level=0.000
		}
		period={
			between={ 0.8 29.8 }
			temperature={ 12.0 30.0 }
			no_phenomenon=0.500
			rain_light=0.250
			rain_heavy=0.100
			snow=0.000
			blizzard=0.000
			arctic_water=0.000
			mud=1.000
			sandstorm=0.000
			min_snow_level=0.000
		}
		period={
			between={ 0.9 30.9 }
			temperature={ 12.0 30.0 }
			no_phenomenon=0.500
			rain_light=0.250
			rain_heavy=0.100
			snow=0.000
			blizzard=0.000
			arctic_water=0.000
			mud=1.000
			sandstorm=0.000
			min_snow_level=0.000
		}
		period={
			between={ 0.10 29.10 }
			temperature={ 12.0 30.0 }
			no_phenomenon=0.500
			rain_light=0.250
			rain_heavy=0.100
			snow=0.000
			blizzard=0.000
			arctic_water=0.000
			mud=1.000
			sandstorm=0.000
			min_snow_level=0.000
		}
		period={
			between={ 0.11 30.11 }
			temperature={ 12.0 30.0 }
			no_phenomenon=0.500
			rain_light=0.250
			rain_heavy=0.100
			snow=0.000
			blizzard=0.000
			arctic_water=0.000
			mud=1.000
			sandstorm=0.000
			min_snow_level=0.000
		}
	}
}
