strategic_region={
	id=35
	name="STRATEGICREGION_35"
	provinces = {
        249 70 132 166 212 353 362 449 519 584 627 636 738 752 769 831 951 966 1048 1049 1101 1129 1154 1159 1196 1208 1234 1260 1371 1476 1487 1527 1534 1536 1537 1683 1740 1748 1822 1882 1901 2068 2129 2183 2211 2368 2380 2382 2421 2478 2508 2521 2632 2667 2749 2800 2843 2852 2915 2973 3063 3370 3375 3478 3485 3499 3628 3672 3692 3722 3733 3780 3973 4017 4021 4045 4285 4310 4431 4474 4486 4521 4588 4617 4636 4691 4705 4718 4730 4863 4986 5051 5104 5349 5813 5827 5834 5866 5972 6114 6198 6201 6231 6447 6470 6531 6664 6684 6726 6846 6859 6884 7025 7031 7150 7417 7626 7645 7686 7702 7900 7949 8066 8122 8841 8920 9108 9753 9805 9808 9895 9970 10058 10157 10186 10280 10319 10368 10379 10425 10520 10542 10785 11072 11364 11793 11795 11924 11926 12062 12100 12259 12277 12305 12347 12359 12364 12368 12382 12384 12385 12389 12401 12407 12410 12422 12428 12429 12439 12440 12441 12444 12465 12478 12485 12491 12505 12513 12519 12532 12546 12552 12559 12565 12574 12598 12605 12626 12691 12779 18010 18018 18011 18012 18015 54 98 196 233 352 358 380 395 402 412 535 543 625 640 667 732 755 835 837 847 972 995 1018 1031 1056 1176 1190 1247 1346 1349 1355 1375 1389 1414 1497 1535 1563 1582 1611 1635 1710 1802 1978 1993 2110 2191 2205 2222 2236 2303 2358 2376 2391 2406 2446 2541 2616 2737 2784 2793 2893 2895 2901 2928 2945 3047 3164 3171 3281 3355 3372 3464 3482 3585 3613 3736 4001 4101 4259 4342 4352 4372 4538 4586 4592 4629 4700 4817 4823 4847 4849 4926 4953 5003 5008 5062 5216 5239 5273 5369 5478 5491 5532 5632 5641 5691 5720 5751 5776 5871 5899 5902 5911 5934 5983 5989 6049 6051 6250 6270 6292 6329 6404 6475 6527 6550 6582 6605 6667 6692 6751 6794 6831 6865 6909 7096 7148 7193 7311 7330 7384 7499 7521 7570 7571 7752 7772 7813 7836 8057 8153 8187 8191 8249 8274 8357 8535 8717 8786 8881 8952 8968 8979 9077 9282 9440 9442 9630 9723 9738 9918 10061 10195 10498 10536 10606 10620 10647 10663 10793 10810 10943 11044 11395 11521 11539 11550 11638 11857 12048 12085 12279 12318 12342 12348 12352 12394 12403 12404 12411 12426 12443 12445 12454 12459 12498 12524 12530 12537 12558 12579 12586 12648 12657 12660 12663 12674 12709 12751 12762 12763 12797 12847 18016 129 191 197 218 310 569 628 735 807 924 1083 1168 1233 1256 1275 1329 1473 1554 1572 1613 1641 1840 1926 1975 1987 2045 2056 2074 2130 2218 2390 2687 2697 2744 2860 3110 3124 3276 3285 3434 3538 3614 3679 3847 3875 4010 4019 4087 4126 4148 4156 4157 4184 4229 4325 4539 4553 4655 4677 4722 5002 5004 5011 5470 5619 5724 5762 5804 5811 5910 6145 6534 6614 6666 7039 7054 7410 7652 7944 8016 8044 8172 8267 8319 8448 8935 9103 9308 9441 9536 9583 9801 9906 10488 10848 11069 11076 11365 12066 12155 12191 12195 12209 12215 12231 12241 12247 12249 12262 12286 12288 12325 12337 18005 18003 31 136 140 173 184 357 450 609 717 805 833 876 893 946 948 963 1016 1102 1124 1206 1290 1335 1380 1386 1400 1404 1468 1496 1539 1540 1552 1569 1591 1598 1631 1665 1717 1813 1905 1916 2030 2066 2069 2263 2267 2342 2405 2457 2480 2506 2618 2688 2752 2999 3069 3138 3365 3441 3450 3471 3607 3709 3903 3922 3993 4095 4124 4171 4182 4212 4375 4510 4528 4549 4673 4690 4766 4794 4821 4838 5069 5116 5151 5159 5367 5484 5551 5657 5662 5702 5703 5801 5905 5962 5975 6075 6101 6357 6364 6402 6477 6650 6696 6772 7127 7130 7247 7249 7351 7397 7568 7595 7709 8226 8251 8305 8387 8536 8672 8957 9044 9104 9147 9458 9527 9635 9717 9757 9869 10090 10357 10393 10539 10644 10783 11049 11778 11806 11847 11920 11948 11975 12021 12110 12111 12136 12158 12159 12167 12169 12179 12181 12182 12184 12202 12206 12212 12217 12218 12239 12250 12256 12260 12263 12267 12289 12302 12335 12365 12387 18001 18008 18009 18007 13 33 113 114 242 253 282 319 399 421 491 537 646 655 936 955 1003 1027 1033 1039 1187 1215 1274 1319 1438 1439 1646 1686 1707 1788 1858 1947 1976 2026 2165 2365 2372 2427 2445 2452 2464 2536 2626 2660 2707 2728 2794 2894 3150 3158 3226 3408 3652 3705 3928 3931 3964 4007 4291 4354 4478 4500 4687 4727 4806 4833 4867 4913 4929 4985 4996 5130 5169 5246 5269 5440 5645 5655 5693 6009 6043 6156 6196 6255 6390 6503 6526 6530 6613 6629 6773 6781 7157 7337 7403 7476 7541 7545 7696 7890 8134 8155 8220 8231 8415 8443 8482 8596 8597 8690 8715 8833 9143 9174 9218 9736 9899 9966 10227 10423 10851 10893 11211 11636 12112 12113 12114 12115 12116 12117 12118 12135 12151 12154 12172 12174 12176 12180 12187 12190 12196 12221 12222 12228 12233 12244 12245 12246 12253 12269 12270 12272 12273 12291 12293 12295 12310 12316 12320 18004 3796 12194 3123 3327 9626 12157 4128 5210 12823 3917 6573 9517 1281 1383 1390 5077 7137  1236 6271 8362 10806 11228 12794 12809 12917 6974 5642 11193 12865 12938 12940 4295 8236
	}
	weather={
		period={
			between={ 0.0 30.0 }
			temperature={ 12.0 30.0 }
			no_phenomenon=0.500
			rain_light=0.250
			rain_heavy=0.100
			snow=0.000
			blizzard=0.000
			arctic_water=0.000
			mud=1.000
			sandstorm=0.000
			min_snow_level=0.000
		}
		period={
			between={ 0.1 27.1 }
			temperature={ 12.0 30.0 }
			no_phenomenon=0.500
			rain_light=0.250
			rain_heavy=0.100
			snow=0.000
			blizzard=0.000
			arctic_water=0.000
			mud=1.000
			sandstorm=0.000
			min_snow_level=0.000
		}
		period={
			between={ 0.2 30.2 }
			temperature={ 12.0 30.0 }
			no_phenomenon=0.500
			rain_light=0.250
			rain_heavy=0.100
			snow=0.000
			blizzard=0.000
			arctic_water=0.000
			mud=1.000
			sandstorm=0.000
			min_snow_level=0.000
		}
		period={
			between={ 0.3 29.3 }
			temperature={ 12.0 30.0 }
			no_phenomenon=0.500
			rain_light=0.250
			rain_heavy=0.100
			snow=0.000
			blizzard=0.000
			arctic_water=0.000
			mud=1.000
			sandstorm=0.000
			min_snow_level=0.000
		}
		period={
			between={ 0.4 30.4 }
			temperature={ 12.0 30.0 }
			no_phenomenon=0.500
			rain_light=0.250
			rain_heavy=0.100
			snow=0.000
			blizzard=0.000
			arctic_water=0.000
			mud=1.000
			sandstorm=0.000
			min_snow_level=0.000
		}
		period={
			between={ 0.5 29.5 }
			temperature={ 12.0 30.0 }
			no_phenomenon=0.500
			rain_light=0.250
			rain_heavy=0.100
			snow=0.000
			blizzard=0.000
			arctic_water=0.000
			mud=1.000
			sandstorm=0.000
			min_snow_level=0.000
		}
		period={
			between={ 0.6 30.6 }
			temperature={ 12.0 30.0 }
			no_phenomenon=0.500
			rain_light=0.250
			rain_heavy=0.100
			snow=0.000
			blizzard=0.000
			arctic_water=0.000
			mud=1.000
			sandstorm=0.000
			min_snow_level=0.000
		}
		period={
			between={ 0.7 30.7 }
			temperature={ 12.0 30.0 }
			no_phenomenon=0.500
			rain_light=0.250
			rain_heavy=0.100
			snow=0.000
			blizzard=0.000
			arctic_water=0.000
			mud=1.000
			sandstorm=0.000
			min_snow_level=0.000
		}
		period={
			between={ 0.8 29.8 }
			temperature={ 12.0 30.0 }
			no_phenomenon=0.500
			rain_light=0.250
			rain_heavy=0.100
			snow=0.000
			blizzard=0.000
			arctic_water=0.000
			mud=1.000
			sandstorm=0.000
			min_snow_level=0.000
		}
		period={
			between={ 0.9 30.9 }
			temperature={ 12.0 30.0 }
			no_phenomenon=0.500
			rain_light=0.250
			rain_heavy=0.100
			snow=0.000
			blizzard=0.000
			arctic_water=0.000
			mud=1.000
			sandstorm=0.000
			min_snow_level=0.000
		}
		period={
			between={ 0.10 29.10 }
			temperature={ 12.0 30.0 }
			no_phenomenon=0.500
			rain_light=0.250
			rain_heavy=0.100
			snow=0.000
			blizzard=0.000
			arctic_water=0.000
			mud=1.000
			sandstorm=0.000
			min_snow_level=0.000
		}
		period={
			between={ 0.11 30.11 }
			temperature={ 12.0 30.0 }
			no_phenomenon=0.500
			rain_light=0.250
			rain_heavy=0.100
			snow=0.000
			blizzard=0.000
			arctic_water=0.000
			mud=1.000
			sandstorm=0.000
			min_snow_level=0.000
		}
	}
}
