strategic_region={
	id=37
	name="STRATEGICREGION_37"
	provinces = {
        224 578 1142 1392 1974 2831 2949 3496 4388 5291 5516 5767 5814 6069 6428 6552 7059 7828 8144 8217 8706 8728 8811 8821 8940 9327 9824 9830 9855 10036 10122 10267 10330 10354 10364 10382 10698 10765 10885 10910 11045 11085 11266 11445 11578 17057 17077 17084 17092 17093 17095 17107 17110 17112 17119 17120 17126 17129 17130 17133 17141 17144 17154 17156 17163 17165 17167 17170 17174 17177 17178 17187 17192 17195 17197 17202 17211 17217 17226 17228 17232 17243 17246 17251 17259 17271 17272 17283 18196 18192 18185  17239 311 1936 2243 2296 3096 3334 3806 4258 5259 6709 6730 7070 7163 7496 7561 7869 8199 8724 8746 9300 9666 10059 11419 11548 11591 11801 16952 16968 16971 16978 16980 16986 16991 16998 17003 17005 17016 17018 17021 17022 17029 17031 17033 17038 17039 17042 17058 17076 17086 18158 18155 18160 18159 18161 18156 18167  9489 3155 6332  9582 4397 16972 11982 7498 17000 1100 1431 4836 5015 5400 5931 6182 6457 6894 6938 7254 7326 7489 7530 7574 8095 8299 8409 8509 9010 9679 10050 10212 10358 10523 11782 12038 16960 16969 16983 16987 16990 16997 17006 17015 17023 17024 17028 17030 17047 17055 17059 17060 17061 17070 17482 11925 17173 17189 17218 907 1257 2510 3857 4227 4416 4681 4991 5131 5688 6194 6262 6483 6540 6760 7479 7531 7803 8276 8373 8580 8700 8739 8815 8828 9042 9149 9297 9302 9348 9547 10006 10035 10160 10596 10651 10816 10892 11108 11272 11530 11781 17045 17135 17146 17152 17164 17168 17172 17182 17183 17185 17194 17201 17210 17213 17219 17234 17241 17242 17247 17249 17256 17262 17275 17276 17282 17287 17288 17292 17294 17297 17301 18189 18178 18179 18193 18188 18183 11399 1564 1794 2410 3039 3092 3783 4053 5865 6913 7181 8033 8629 9079 10557 10691 10718 11913 11981 17248 17267 17277 17289 17300 17305 17307 17308 17321 17328 17330 17334 17345 17347 17355 17054 1272 1475 1548 1669 3121 3248 3502 4030 4405 5757 6212 6268 7159 7218 7707 7825 7948 8087 8682 9166 9876 9936 10114 10176 10581 10667 10715 10841 11084 11281 11296 11430 11501 11962 17056 17065 17078 17100 17101 17114 17138 17171 17203 17229 17250 17254 17261 17263 17264 17269 17286 17290 17295 17306 17312 17318 17319 17325 17327 17331 18198 123 902 1023 1722 3311 4059 4279 4509 4744 4894 4990 5447 5486 6414 6853 7331 7606 7899 8113 8382 8547 8551 9129 9240 9432 9447 9569 9650 9673 10631 11324 11703 11879 12079 17117 17134 17166 17169 17179 17180 17188 17190 17200 17204 17216 17221 17227 17233 17237 17252 17255 17270 17273 17274 17284 17309 17313 17326 17333 17337 17343 130 1165 1922 3328 4135 4304 4398 4989 5043 5528 5567 6248 6274 6444 6537 6700 7045 7505 7625 7920 8147 8182 8325 8386 8712 8903 9503 9646 10426 10598 10985 11165 11345 11351 11641 11663 11666 11799 11856 12049 17043 17046 17063 17064 17072 17081 17089 17090 17102 17113 17124 17136 17137 17142 17143 17157 17160 17161 17176 17193 17206 17212 1587 6222 17304 17314 17324 18203 2353 2482 2689 3792 5930 6511 7223 7423 7863 8677 9984 10238 10963 17329 17332 17338 17340 17341 17344 17351 17354 17358 17364 17369 17370 17372 17378 17380 17390 17397 17402 17403 17422 17442 237 1712 4116 4707 8283 8414 9138 10733 10860 11824 11961 11988 17361 17365 17446 17450 152 4930 5908 6045 6122 6220 8725 9509 9586 9700 9971 17352 17359 17366 17376 17383 17384 17388 17405 17406 17408 17409 17411 17412 17413 17414 17415 17417 17419 17423 17425 17429 17431 17436 17437 17439 17440 17441 17444 17445 17452 18209 17392 17478 17479 17480 17481
	}
	weather={
		period={
			between={ 0.0 30.0 }
			temperature={ 12.0 30.0 }
			no_phenomenon=0.500
			rain_light=0.250
			rain_heavy=0.100
			snow=0.000
			blizzard=0.000
			arctic_water=0.000
			mud=1.000
			sandstorm=0.000
			min_snow_level=0.000
		}
		period={
			between={ 0.1 27.1 }
			temperature={ 12.0 30.0 }
			no_phenomenon=0.500
			rain_light=0.250
			rain_heavy=0.100
			snow=0.000
			blizzard=0.000
			arctic_water=0.000
			mud=1.000
			sandstorm=0.000
			min_snow_level=0.000
		}
		period={
			between={ 0.2 30.2 }
			temperature={ 12.0 30.0 }
			no_phenomenon=0.500
			rain_light=0.250
			rain_heavy=0.100
			snow=0.000
			blizzard=0.000
			arctic_water=0.000
			mud=1.000
			sandstorm=0.000
			min_snow_level=0.000
		}
		period={
			between={ 0.3 29.3 }
			temperature={ 12.0 30.0 }
			no_phenomenon=0.500
			rain_light=0.250
			rain_heavy=0.100
			snow=0.000
			blizzard=0.000
			arctic_water=0.000
			mud=1.000
			sandstorm=0.000
			min_snow_level=0.000
		}
		period={
			between={ 0.4 30.4 }
			temperature={ 12.0 30.0 }
			no_phenomenon=0.500
			rain_light=0.250
			rain_heavy=0.100
			snow=0.000
			blizzard=0.000
			arctic_water=0.000
			mud=1.000
			sandstorm=0.000
			min_snow_level=0.000
		}
		period={
			between={ 0.5 29.5 }
			temperature={ 12.0 30.0 }
			no_phenomenon=0.500
			rain_light=0.250
			rain_heavy=0.100
			snow=0.000
			blizzard=0.000
			arctic_water=0.000
			mud=1.000
			sandstorm=0.000
			min_snow_level=0.000
		}
		period={
			between={ 0.6 30.6 }
			temperature={ 12.0 30.0 }
			no_phenomenon=0.500
			rain_light=0.250
			rain_heavy=0.100
			snow=0.000
			blizzard=0.000
			arctic_water=0.000
			mud=1.000
			sandstorm=0.000
			min_snow_level=0.000
		}
		period={
			between={ 0.7 30.7 }
			temperature={ 12.0 30.0 }
			no_phenomenon=0.500
			rain_light=0.250
			rain_heavy=0.100
			snow=0.000
			blizzard=0.000
			arctic_water=0.000
			mud=1.000
			sandstorm=0.000
			min_snow_level=0.000
		}
		period={
			between={ 0.8 29.8 }
			temperature={ 12.0 30.0 }
			no_phenomenon=0.500
			rain_light=0.250
			rain_heavy=0.100
			snow=0.000
			blizzard=0.000
			arctic_water=0.000
			mud=1.000
			sandstorm=0.000
			min_snow_level=0.000
		}
		period={
			between={ 0.9 30.9 }
			temperature={ 12.0 30.0 }
			no_phenomenon=0.500
			rain_light=0.250
			rain_heavy=0.100
			snow=0.000
			blizzard=0.000
			arctic_water=0.000
			mud=1.000
			sandstorm=0.000
			min_snow_level=0.000
		}
		period={
			between={ 0.10 29.10 }
			temperature={ 12.0 30.0 }
			no_phenomenon=0.500
			rain_light=0.250
			rain_heavy=0.100
			snow=0.000
			blizzard=0.000
			arctic_water=0.000
			mud=1.000
			sandstorm=0.000
			min_snow_level=0.000
		}
		period={
			between={ 0.11 30.11 }
			temperature={ 12.0 30.0 }
			no_phenomenon=0.500
			rain_light=0.250
			rain_heavy=0.100
			snow=0.000
			blizzard=0.000
			arctic_water=0.000
			mud=1.000
			sandstorm=0.000
			min_snow_level=0.000
		}
	}
}
