strategic_region={
	id=38
	name="STRATEGICREGION_38"
	provinces = {
        9113 14939 14849 487 504 623 674 1680 2454 2488 2520 2868 3188 3287 3758 4319 4344 4813 5233 5530 5742 5773 6022 6057 6192 6232 6243 6419 6631 6814 6928 7019 7040 7061 7141 7290 7515 7621 7640 7860 7895 8246 8726 8744 8773 8835 9028 9086 9202 9323 9330 9488 9516 9604 9880 9977 9986 10030 10386 10439 10489 10714 11173 11265 11305 11372 11434 11621 11965 12010 12037 14333 14373 14443 14460 14486 14487 14500 14521 14522 14532 14536 14541 14548 14555 14570 14592 14606 14619 14622 14631 14633 14638 14652 14653 14655 14661 14686 14687 14696 14700 14701 14721 14730 14745 14750 14753 14758 14776 14779 14786 14799 14820 14848 14864 14896 14911 14927 14980 8484 14855 14872 14874 14895 14898 541 817 1293 1364 1415 1453 1627 2011 2160 2400 2620 2649 3234 3236 3386 3432 3584 3770 3930 4143 4241 4243 4347 4441 4505 4517 4542 4666 4810 4824 5176 5224 5442 5536 5562 5876 6171 6244 6507 6538 6601 6683 6832 6968 7352 7435 7818 7834 7886 8005 8244 8261 8286 8310 8341 8356 8470 8568 8789 8894 8932 8999 9095 9168 9199 9295 9361 9462 9796 9923 10010 10040 10109 10139 10199 10284 10462 10576 10871 11026 11457 11489 11496 11512 11681 11844 11997 12026 12054 13701 13725 13736 13753 13760 13766 13771 13772 13773 13789 13800 13815 13837 13843 13850 13855 13870 13875 13902 13910 13911 13913 13914 13922 13928 13952 13970 13976 13988 14006 14030 14031 14042 14068 14106 14170 14189 14194 14223 14237 14246 14278 14286 14293 14304 14327 14342 14365 14390 14396 14426 14431 14435 14494 6416 219 558 922 976 985 1081 1086 1137 1779 2065 2435 2472 2489 2902 2976 3267 3533 3862 4450 4527 4820 5207 5625 5659 5918 5946 6066 6098 6342 6387 6569 6570 6682 6741 6897 6947 7022 7272 7465 8175 8348 8425 8436 8563 8579 8850 9006 9210 9336 9412 9529 9548 9594 10129 10131 10353 10392 10545 10555 10613 10838 10907 11184 11269 11278 11383 11475 11582 11625 11626 11660 11737 11805 11882 11919 12052 13814 13849 13853 13854 13861 13865 13882 13890 13933 13939 13942 13951 14005 14010 14014 14017 14045 14075 14093 14094 14102 14103 14132 14133 14141 14142 14146 14169 14175 14179 14182 14190 14192 14206 14209 14210 14233 14234 14239 14243 14253 14254 14277 14285 14291 14292 14303 14326 14334 14341 14356 14369 14371 14374 64 320 416 444 751 878 887 1379 1505 1531 1547 1955 2202 2203 2291 2362 2386 2773 2803 2939 3048 3113 3300 3416 3442 3676 3732 3882 3939 4039 4120 4168 4187 4289 4302 4349 4390 4568 5155 5214 5260 5284 5376 5667 5707 5775 5823 5828 5839 5886 6032 6107 6311 6346 6397 6501 6643 6654 6725 6788 6828 6829 6891 6898 6937 6941 6972 7047 7126 7188 7348 7524 7622 7826 7831 7843 7894 8064 8074 8094 8118 8383 8507 8666 8697 8721 8747 8768 8901 8907 8928 8994 8997 9040 9083 9102 9132 9157 9176 9277 9285 9356 9419 9433 9553 9745 9748 9754 9783 9792 9933 10140 10144 10296 10303 10322 10356 10586 10589 10659 10685 10729 10832 10886 10921 11041 11097 11101 11239 11448 11509 11519 11536 11568 11697 11771 11777 11869 11952 11960 11973 12004 12013 13883 13926 13978 13982 14002 14018 14021 14052 14063 14069 14095 14109 14136 14154 14191 14201 14211 14240 14264 14294 14298 14317 14323 14335 14336 14351 14355 14370 14375 14397 14400 14403 14411 14416 14420 14421 14427 14453 14457 14461 14468 14469 14470 14478 14488 14491 14495 14507 14511 14514 14517 14518 14526 14529 14542 14546 14547 14551 14552 14563 14576 14588 14590 14593 14616 14620 14628 14639 14642 14644 14645 14654 14656 14662 14665 14671 14675 14683 14688 14715 14722 14736 14737 14739 14747 14772 14773 14781 14787 14795 14806 14812 14814 14839 14846 14883 14906 14917 14969 15005 15006 15042 15093 18057 14916 13921 14134 14153 10973 3920 11436 14464 14496
	}
	weather={
		period={
			between={ 0.0 30.0 }
			temperature={ 12.0 30.0 }
			no_phenomenon=0.500
			rain_light=0.250
			rain_heavy=0.100
			snow=0.000
			blizzard=0.000
			arctic_water=0.000
			mud=1.000
			sandstorm=0.000
			min_snow_level=0.000
		}
		period={
			between={ 0.1 27.1 }
			temperature={ 12.0 30.0 }
			no_phenomenon=0.500
			rain_light=0.250
			rain_heavy=0.100
			snow=0.000
			blizzard=0.000
			arctic_water=0.000
			mud=1.000
			sandstorm=0.000
			min_snow_level=0.000
		}
		period={
			between={ 0.2 30.2 }
			temperature={ 12.0 30.0 }
			no_phenomenon=0.500
			rain_light=0.250
			rain_heavy=0.100
			snow=0.000
			blizzard=0.000
			arctic_water=0.000
			mud=1.000
			sandstorm=0.000
			min_snow_level=0.000
		}
		period={
			between={ 0.3 29.3 }
			temperature={ 12.0 30.0 }
			no_phenomenon=0.500
			rain_light=0.250
			rain_heavy=0.100
			snow=0.000
			blizzard=0.000
			arctic_water=0.000
			mud=1.000
			sandstorm=0.000
			min_snow_level=0.000
		}
		period={
			between={ 0.4 30.4 }
			temperature={ 12.0 30.0 }
			no_phenomenon=0.500
			rain_light=0.250
			rain_heavy=0.100
			snow=0.000
			blizzard=0.000
			arctic_water=0.000
			mud=1.000
			sandstorm=0.000
			min_snow_level=0.000
		}
		period={
			between={ 0.5 29.5 }
			temperature={ 12.0 30.0 }
			no_phenomenon=0.500
			rain_light=0.250
			rain_heavy=0.100
			snow=0.000
			blizzard=0.000
			arctic_water=0.000
			mud=1.000
			sandstorm=0.000
			min_snow_level=0.000
		}
		period={
			between={ 0.6 30.6 }
			temperature={ 12.0 30.0 }
			no_phenomenon=0.500
			rain_light=0.250
			rain_heavy=0.100
			snow=0.000
			blizzard=0.000
			arctic_water=0.000
			mud=1.000
			sandstorm=0.000
			min_snow_level=0.000
		}
		period={
			between={ 0.7 30.7 }
			temperature={ 12.0 30.0 }
			no_phenomenon=0.500
			rain_light=0.250
			rain_heavy=0.100
			snow=0.000
			blizzard=0.000
			arctic_water=0.000
			mud=1.000
			sandstorm=0.000
			min_snow_level=0.000
		}
		period={
			between={ 0.8 29.8 }
			temperature={ 12.0 30.0 }
			no_phenomenon=0.500
			rain_light=0.250
			rain_heavy=0.100
			snow=0.000
			blizzard=0.000
			arctic_water=0.000
			mud=1.000
			sandstorm=0.000
			min_snow_level=0.000
		}
		period={
			between={ 0.9 30.9 }
			temperature={ 12.0 30.0 }
			no_phenomenon=0.500
			rain_light=0.250
			rain_heavy=0.100
			snow=0.000
			blizzard=0.000
			arctic_water=0.000
			mud=1.000
			sandstorm=0.000
			min_snow_level=0.000
		}
		period={
			between={ 0.10 29.10 }
			temperature={ 12.0 30.0 }
			no_phenomenon=0.500
			rain_light=0.250
			rain_heavy=0.100
			snow=0.000
			blizzard=0.000
			arctic_water=0.000
			mud=1.000
			sandstorm=0.000
			min_snow_level=0.000
		}
		period={
			between={ 0.11 30.11 }
			temperature={ 12.0 30.0 }
			no_phenomenon=0.500
			rain_light=0.250
			rain_heavy=0.100
			snow=0.000
			blizzard=0.000
			arctic_water=0.000
			mud=1.000
			sandstorm=0.000
			min_snow_level=0.000
		}
	}
}
