strategic_region={
	id=39
	name="STRATEGICREGION_39"
	provinces = {
        1338 1827 2484 2545 4042 4329 5175 5547 7332 7581 7594 7736 7999 8792 8976 9428 9825 10209 10484 10803 10826 11936 12031 15477 15489 15517 15523 15562 15565 15571 15589 15598 15613 15635 15659 15673 15682 15720 15726 15734 15758 15759 15814 15839 15876 15638 1096 2233 4037 5041 5997 6581 7241 8365 9024 9325 9908 9937 10367 10517 10673 10839 11595 11822 15594 15599 15618 15623 15626 15653 15674 15735 15746 15760 15802 15815 15843 99 1550 2525 2780 4165 4440 5064 5878 6169 6847 9789 10121 10182 10283 10710 10762 10836 11328 11444 11589 11746 15240 15258 15266 15285 15308 15370 15388 15417 15423 15460 15467 15493 15541 15549 15680 15698 4194 4623 4650 4689 5102 5501 5789 6786 7183 7374 7588 7954 8919 8977 9642 10106 10200 10214 10331 10869 10979 11066 11617 12096 14919 14948 14965 14983 15015 15021 15066 15072 15079 15086 15100 15101 15109 15131 15150 15155 15189 18077 1372 2798 3212 4637 4875 4891 5204 5300 5328 6478 7201 8178 8424 9019 9632 9728 9782 9795 9979 11712 11749 12095 14689 14695 14763 14790 14793 14801 14810 14811 14815 14827 14866 14873 1469 1808 3329 6147 6502 6820 6903 6919 7414 7468 7724 8772 9451 10349 10884 11088 14604 14646 14690 14706 14731 14732 14741 1617 1690 2122 2301 2371 2879 3646 5458 5621 6575 6944 7175 8340 9699 9750 9939 11276 11581 11646 11704 14493 14510 14524 14567 14577 14598 14614 14621 190 410 1405 1542 2195 2598 3084 4178 4868 5174 5718 6929 7418 8247 8279 8849 9755 10720 10804 10830 11138 11285 11415 11450 14314 14349 14406 14463 14474 14490 14498 14509 14528 14617 14637 1656 3549 3698 3791 3992 4260 5875 6649 7076 7482 8403 8839 10073 10618 11177 11308 11813 14300 14329 14361 14415 14450 14455 14472 14473 14502 14515 14530 14537 14574 14612 14613 14651 566 2975 3100 3844 3925 4999 5413 6736 6746 6918 7362 7441 7867 8228 9324 9427 9854 10948 10958 10972 10996 11470 11538 14062 14147 14235 14251 14272 14311 14324 14337 14359 14360 14363 14379 14386 14392 14401 14458 1770 3383 3639 3982 4272 5034 5985 6071 6544 7345 7762 8460 8927 9084 9401 10413 10441 11091 11603 12042 14425 14432 14471 14508 14539 14543 14556 14578 14595 14649 14650 14657 14708 14717 18060 559 797 1188 1288 2467 5745 6685 7108 7155 7269 7327 7575 7901 8542 9621 10292 10315 10547 10747 11361 14694 14698 14699 14713 14718 14727 14738 14762 14780 14789 14803 14818 14825 14826 15631 1145 1444 2247 2609 3170 3314 6150 9533 10099 11730 15336 15345 15383 15411 15450 15501 18085 11288 15190 15230 15253 15102 15116 15129 567 868 2351 2664 3194 3781 4056 6106 6221 7255 7455 7858 9076 10908 11048 11727 14733 14740 14761 14765 14782 14792 14808 14824 14837 14845 14877 14878 14880 14905 14908 14918 14941 14955 2071 14734 46 715 1460 1761 1912 2019 2970 3956 4777 4934 5602 7473 8810 8995 9045 9066 9709 9712 10278 10945 11087 11131 11180 11195 11340 12093 14888 14913 14926 14947 14951 14959 14986 15002 15003 15014 15029 15062 15077 15117 1210 1396 3109 3926 5017 5990 9381 9949 10158 10960 11441 15316 15357 15378 15395 15399 15408 15432 15445 15481 15519 15531 18090 11012 344 9226 15173 6646 8778 15332 15369 5999 2998 4417 6479 11172 11832 15064 15081 5912 11600 6308 10291 15007 15039 3072 15239 15241 15265 10259 15184 15222 4757 6287 6658 7716 8494 10463 10567 10995 15128 15185 15203 15206 15234 15245 15264 3730 7630 8516 10649 11062 11767 15188 15204 15207 15254 15279 15280 11604 5807 9167 15026 14932 9742 712 7619
	}
	weather={
		period={
			between={ 0.0 30.0 }
			temperature={ 12.0 30.0 }
			no_phenomenon=0.500
			rain_light=0.250
			rain_heavy=0.100
			snow=0.000
			blizzard=0.000
			arctic_water=0.000
			mud=1.000
			sandstorm=0.000
			min_snow_level=0.000
		}
		period={
			between={ 0.1 27.1 }
			temperature={ 12.0 30.0 }
			no_phenomenon=0.500
			rain_light=0.250
			rain_heavy=0.100
			snow=0.000
			blizzard=0.000
			arctic_water=0.000
			mud=1.000
			sandstorm=0.000
			min_snow_level=0.000
		}
		period={
			between={ 0.2 30.2 }
			temperature={ 12.0 30.0 }
			no_phenomenon=0.500
			rain_light=0.250
			rain_heavy=0.100
			snow=0.000
			blizzard=0.000
			arctic_water=0.000
			mud=1.000
			sandstorm=0.000
			min_snow_level=0.000
		}
		period={
			between={ 0.3 29.3 }
			temperature={ 12.0 30.0 }
			no_phenomenon=0.500
			rain_light=0.250
			rain_heavy=0.100
			snow=0.000
			blizzard=0.000
			arctic_water=0.000
			mud=1.000
			sandstorm=0.000
			min_snow_level=0.000
		}
		period={
			between={ 0.4 30.4 }
			temperature={ 12.0 30.0 }
			no_phenomenon=0.500
			rain_light=0.250
			rain_heavy=0.100
			snow=0.000
			blizzard=0.000
			arctic_water=0.000
			mud=1.000
			sandstorm=0.000
			min_snow_level=0.000
		}
		period={
			between={ 0.5 29.5 }
			temperature={ 12.0 30.0 }
			no_phenomenon=0.500
			rain_light=0.250
			rain_heavy=0.100
			snow=0.000
			blizzard=0.000
			arctic_water=0.000
			mud=1.000
			sandstorm=0.000
			min_snow_level=0.000
		}
		period={
			between={ 0.6 30.6 }
			temperature={ 12.0 30.0 }
			no_phenomenon=0.500
			rain_light=0.250
			rain_heavy=0.100
			snow=0.000
			blizzard=0.000
			arctic_water=0.000
			mud=1.000
			sandstorm=0.000
			min_snow_level=0.000
		}
		period={
			between={ 0.7 30.7 }
			temperature={ 12.0 30.0 }
			no_phenomenon=0.500
			rain_light=0.250
			rain_heavy=0.100
			snow=0.000
			blizzard=0.000
			arctic_water=0.000
			mud=1.000
			sandstorm=0.000
			min_snow_level=0.000
		}
		period={
			between={ 0.8 29.8 }
			temperature={ 12.0 30.0 }
			no_phenomenon=0.500
			rain_light=0.250
			rain_heavy=0.100
			snow=0.000
			blizzard=0.000
			arctic_water=0.000
			mud=1.000
			sandstorm=0.000
			min_snow_level=0.000
		}
		period={
			between={ 0.9 30.9 }
			temperature={ 12.0 30.0 }
			no_phenomenon=0.500
			rain_light=0.250
			rain_heavy=0.100
			snow=0.000
			blizzard=0.000
			arctic_water=0.000
			mud=1.000
			sandstorm=0.000
			min_snow_level=0.000
		}
		period={
			between={ 0.10 29.10 }
			temperature={ 12.0 30.0 }
			no_phenomenon=0.500
			rain_light=0.250
			rain_heavy=0.100
			snow=0.000
			blizzard=0.000
			arctic_water=0.000
			mud=1.000
			sandstorm=0.000
			min_snow_level=0.000
		}
		period={
			between={ 0.11 30.11 }
			temperature={ 12.0 30.0 }
			no_phenomenon=0.500
			rain_light=0.250
			rain_heavy=0.100
			snow=0.000
			blizzard=0.000
			arctic_water=0.000
			mud=1.000
			sandstorm=0.000
			min_snow_level=0.000
		}
	}
}
