strategic_region = {
	id = 41
	name = "STRATEGICREGION_41"

	provinces = {
		5 10 11 14 23 29 48 49 60 69 72 73 80 81 83 97 103 108 131 133 139 154 159 195 200 208 213 215 227 250 256 258 259 263 268 277 286 300 304 309 314 316 326 330 335 343 350 360 365 366 368 374 375 385 390 423 428 439 440 456 473 474 485 486 489 492 505 507 521 523 526 529 530 533 545 553 557 573 574 579 587 592 593 594 605 618 632 633 641 644 648 656 660 661 669 677 687 689 692 694 701 705 718 721 723 725 734 737 756 765 770 773 779 780 804 808 809 829 849 853 863 873 874 882 890 892 899 914 926 956 967 981 982 991 1001 1013 1014 1017 1028 1041 1072 1110 1122 1125 1126 1139 1143 1149 1174 1177 1198 1209 1237 1244 1248 1263 1264 1267 1270 1277 1280 1286 1287 1295 1299 1325 1336 1340 1368 1370 1373 1377 1393 1423 1426 1446 1465 1483 1484 1486 1488 1492 1495 1508 1514 1518 1532 1533 1549 1555 1597 1605 1606 1620 1623 1634 1645 1654 1676 1679 1682 1697 1698 1745 1746 1747 1757 1759 1767 1769 1771 1773 1774 1778 1780 1784 1789 1796 1812 1825 1843 1871 1873 1902 1927 1930 1962 1963 2000 2003 2016 2023 2025 2050 2054 2082 2091 2113 2116 2119 2125 2126 2128 2140 2143 2150 2157 2170 2171 2177 2196 2231 2235 2244 2246 2256 2258 2314 2337 2343 2357 2377 2378 2411 2451 2453 2459 2483 2500 2516 2522 2530 2534 2538 2542 2577 2594 2596 2606 2635 2643 2673 2709 2711 2713 2735 2743 2746 2771 2776 2796 2799 2836 2840 2848 2876 2878 2883 2887 2888 2898 2904 2906 2913 2920 2921 2926 2933 2934 2935 2950 2951 2963 2982 3011 3013 3027 3036 3037 3050 3053 3054 3062 3081 3083 3085 3093 3111 3117 3125 3126 3127 3131 3134 3144 3147 3175 3191 3202 3203 3207 3208 3209 3237 3252 3271 3301 3302 3303 3322 3340 3343 3347 3348 3366 3368 3369 3371 3380 3393 3397 3419 3431 3456 3460 3492 3500 3535 3546 3547 3555 3588 3606 3608 3610 3612 3622 3630 3633 3647 3651 3655 3656 3659 3662 3669 3714 3728 3738 3744 3763 3764 3797 3820 3825 3832 3839 3868 3870 3881 3896 3913 3921 3947 3959 3965 3986 3987 3990 4013 4023 4038 4047 4067 4070 4088 4100 4102 4114 4119 4121 4125 4140 4142 4151 4162 4163 4170 4189 4200 4216 4218 4244 4284 4315 4353 4365 4367 4393 4421 4426 4439 4473 4488 4493 4533 4555 4583 4598 4612 4647 4668 4669 4676 4706 4711 4720 4729 4743 4781 4800 4866 4873 4888 4914 4923 4944 4950 4951 4957 4961 4973 4984 4987 4997 4998 5007 5014 5025 5036 5072 5079 5080 5088 5120 5134 5139 5140 5148 5154 5168 5170 5189 5208 5212 5213 5220 5245 5255 5268 5279 5287 5292 5334 5347 5352 5370 5373 5389 5403 5405 5412 5414 5416 5464 5473 5498 5519 5540 5544 5545 5548 5569 5580 5600 5618 5643 5644 5715 5729 5734 5753 5756 5770 5782 5796 5808 5855 5861 5898 5906 5919 5921 5942 5955 6003 6024 6031 6037 6055 6082 6109 6120 6130 6161 6179 6183 6187 6207 6258 6272 6273 6291 6313 6324 6333 6347 6367 6370 6403 6405 6413 6438 6445 6446 6476 6491 6493 6498 6545 6635 6648 6731 6734 6757 6824 6854 6879 6882 6907 6908 6951 6971 6989 6996 7018 7027 7060 7077 7081 7152 7210 7211 7227 7233 7235 7236 7266 7276 7324 7333 7340 7379 7386 7401 7425 7434 7438 7449 7486 7518 7583 7612 7614 7650 7692 7708 7719 7743 7771 7773 7774 7776 7782 7798 7853 7861 7866 7871 7881 7896 7903 7932 7937 7939 7971 7974 7996 8030 8042 8051 8106 8142 8149 8161 8169 8194 8210 8253 8258 8313 8329 8331 8361 8368 8397 8400 8471 8475 8506 8519 8528 8541 8554 8598 8622 8626 8637 8698 8732 8742 8751 8781 8802 8819 8823 8827 8878 8905 8915 8922 8939 8953 8969 8981 8988 8992 9012 9051 9055 9075 9116 9118 9145 9165 9192 9233 9247 9319 9360 9380 9390 9408 9436 9449 9468 9474 9480 9481 9500 9522 9579 9581 9589 9597 9606 9660 9676 9711 9720 9756 9861 9873 9898 9930 9935 9940 9969 9989 9993 10015 10025 10053 10074 10153 10196 10197 10225 10264 10306 10428 10437 10452 10458 10553 10594 10595 10602 10621 10658 10681 10716 10723 10740 10780 10842 10852 10861 10905 10913 10933 10934 10968 10980 11029 11111 11132 11141 11238 11244 11287 11338 11339 11363 11391 11414 11432 11471 11520 11551 11560 11570 11622 11624 11655 11661 11671 11720 11739 11750 11784 11796 11827 11828 11870 11875 11916 11931 11970 11972 12024 12071 12119 12120 12121 12122 12123 12124 12125 12126 12127 12128 12129 12130 12131 12133 12137 12138 12139 12140 12141 12142 12143 12144 12145 12146 12147 12148 12149 12156 12161 12163 12164 12166 12170 12171 12175 12183 12186 12192 12193 12197 12198 12199 12200 12201 12203 12204 12205 12208 12211 12216 12219 12220 12223 12224 12229 12230 12232 12235 12236 12237 12238 12240 12248 12251 12252 12254 12255 12257 12261 12268 12274 12276 12278 12280 12284 12287 12294 12298 12301 12309 12311 12312 12313 12317 12319 12326 12327 12330 12332 12333 12338 12339 12340 12343 12344 12346 12350 12355 12356 12357 12358 12360 12362 12366 12370 12372 12373 12374 12376 12377 12390 12391 12395 12397 12399 12412 12415 12418 12420 12424 12425 12427 12430 12435 12436 12446 12447 12448 12457 12461 12462 12467 12468 12474 12477 12482 12490 12493 12496 12499 12501 12503 12509 12515 12525 12528 12534 12543 12544 12545 12549 12560 12596 12597 12616 12620 12621 12625 12651 12656 12671 12723 12786 12792 12806 18013 18014 
	}

	weather = {
		period = {
			between = { 0.0 30.0 }
			temperature = { -15 -5 }
			no_phenomenon = 0.3
			rain_light = 0
			rain_heavy = 0
			snow = 0.5
			blizzard = 0.2
			arctic_water = 0
			mud = 0
			sandstorm = 0
			min_snow_level = 0
		}
		period = {
			between = { 0.1 27.1 }
			temperature = { -10 2 }
			no_phenomenon = 0.4
			rain_light = 0
			rain_heavy = 0
			snow = 0.4
			blizzard = 0.2
			arctic_water = 0
			mud = 0
			sandstorm = 0
			min_snow_level = 0
		}
		period = {
			between = { 0.2 30.2 }
			temperature = { -2 10 }
			no_phenomenon = 0.2
			rain_light = 0.3
			rain_heavy = 0
			snow = 0
			blizzard = 0
			arctic_water = 0
			mud = 0.5
			sandstorm = 0
			min_snow_level = 0
		}
		period = {
			between = { 0.3 29.3 }
			temperature = { 8 18 }
			no_phenomenon = 0.5
			rain_light = 0.5
			rain_heavy = 0
			snow = 0
			blizzard = 0
			arctic_water = 0
			mud = 0
			sandstorm = 0
			min_snow_level = 0
		}
		period = {
			between = { 0.4 30.4 }
			temperature = { 15 22 }
			no_phenomenon = 0.7
			rain_light = 0.3
			rain_heavy = 0
			snow = 0
			blizzard = 0
			arctic_water = 0
			mud = 0
			sandstorm = 0
			min_snow_level = 0
		}
		period = {
			between = { 0.5 29.5 }
			temperature = { 18 28 }
			no_phenomenon = 0.7
			rain_light = 0.2
			rain_heavy = 0.1
			snow = 0
			blizzard = 0
			arctic_water = 0
			mud = 0
			sandstorm = 0
			min_snow_level = 0
		}
		period = {
			between = { 0.6 30.6 }
			temperature = { 20 30 }
			no_phenomenon = 0.8
			rain_light = 0.2
			rain_heavy = 0
			snow = 0
			blizzard = 0
			arctic_water = 0
			mud = 0
			sandstorm = 0
			min_snow_level = 0
		}
		period = {
			between = { 0.7 30.7 }
			temperature = { 20 30 }
			no_phenomenon = 0.8
			rain_light = 0.2
			rain_heavy = 0
			snow = 0
			blizzard = 0
			arctic_water = 0
			mud = 0
			sandstorm = 0
			min_snow_level = 0
		}
		period = {
			between = { 0.8 29.8 }
			temperature = { 12 22 }
			no_phenomenon = 0.6
			rain_light = 0.4
			rain_heavy = 0
			snow = 0
			blizzard = 0
			arctic_water = 0
			mud = 0
			sandstorm = 0
			min_snow_level = 0
		}
		period = {
			between = { 0.9 30.9 }
			temperature = { 5 15 }
			no_phenomenon = 0.4
			rain_light = 0.4
			rain_heavy = 0
			snow = 0
			blizzard = 0
			arctic_water = 0
			mud = 0.2
			sandstorm = 0
			min_snow_level = 0
		}
		period = {
			between = { 0.10 29.10 }
			temperature = { 0 8 }
			no_phenomenon = 0.3
			rain_light = 0.4
			rain_heavy = 0
			snow = 0
			blizzard = 0
			arctic_water = 0
			mud = 0.3
			sandstorm = 0
			min_snow_level = 0
		}
		period = {
			between = { 0.11 30.11 }
			temperature = { -8 2 }
			no_phenomenon = 0.4
			rain_light = 0
			rain_heavy = 0
			snow = 0.5
			blizzard = 0.1
			arctic_water = 0
			mud = 0
			sandstorm = 0
			min_snow_level = 0
		}
	}
}
