strategic_region = {
	id = 42
	name = "STRATEGICREGION_42"

	provinces = {
		9 14 25 41 57 62 66 78 84 85 134 146 149 164 181 182 186 189 216 273 301 304 308 313 318 321 324 328 332 340 342 364 374 382 391 393 401 422 475 501 513 514 528 532 533 555 563 600 603 608 620 633 664 671 691 706 707 719 728 730 754 760 763 765 766 778 785 789 800 810 834 862 870 900 905 910 925 928 933 941 942 944 973 974 975 980 1006 1010 1042 1046 1047 1052 1066 1072 1075 1076 1085 1107 1108 1113 1125 1126 1131 1135 1174 1200 1212 1214 1220 1254 1270 1312 1351 1352 1359 1373 1374 1381 1391 1416 1424 1425 1450 1454 1459 1465 1479 1495 1499 1510 1516 1523 1557 1571 1574 1608 1637 1657 1659 1682 1696 1708 1737 1743 1752 1758 1778 1783 1784 1786 1801 1844 1853 1873 1875 1893 1928 1951 1972 1979 1984 1992 2034 2090 2096 2128 2145 2146 2161 2163 2182 2208 2250 2268 2299 2312 2315 2320 2336 2345 2369 2379 2392 2399 2412 2441 2465 2475 2496 2500 2502 2512 2528 2540 2555 2582 2592 2594 2595 2600 2613 2623 2639 2640 2641 2698 2713 2733 2767 2778 2802 2805 2818 2820 2822 2846 2854 2882 2906 2918 2935 2944 2962 2966 2988 2997 3005 3010 3033 3053 3061 3085 3142 3177 3180 3224 3237 3251 3262 3278 3280 3283 3306 3317 3331 3335 3354 3361 3368 3384 3393 3394 3477 3504 3510 3519 3521 3527 3579 3588 3600 3617 3648 3677 3694 3704 3734 3746 3750 3751 3775 3843 3859 3867 3918 3961 3965 3978 4016 4097 4103 4134 4136 4140 4162 4198 4205 4210 4213 4222 4231 4236 4280 4306 4321 4328 4331 4332 4350 4351 4368 4382 4384 4392 4400 4413 4453 4534 4555 4557 4561 4564 4571 4593 4610 4621 4626 4630 4631 4646 4660 4661 4668 4678 4679 4684 4696 4716 4739 4774 4786 4789 4804 4825 4831 4843 4862 4887 4889 4896 4898 4914 4931 4995 5005 5016 5084 5092 5099 5103 5109 5112 5138 5145 5156 5190 5221 5222 5226 5240 5256 5264 5268 5283 5327 5335 5339 5353 5373 5375 5384 5407 5418 5432 5438 5450 5457 5468 5475 5500 5509 5518 5524 5527 5540 5549 5552 5563 5585 5644 5651 5677 5683 5713 5722 5726 5731 5743 5758 5765 5779 5780 5837 5863 5881 5937 5955 5980 5991 6018 6062 6065 6072 6081 6111 6116 6175 6187 6195 6200 6204 6258 6259 6260 6265 6269 6280 6282 6289 6316 6335 6341 6412 6415 6420 6434 6435 6438 6441 6446 6453 6456 6464 6465 6467 6488 6515 6571 6599 6606 6621 6630 6639 6640 6645 6663 6665 6669 6728 6740 6758 6778 6782 6787 6802 6826 6840 6854 6863 6869 6870 6878 6904 6914 6924 6959 6967 6994 7010 7016 7067 7092 7095 7103 7109 7123 7131 7149 7227 7239 7242 7280 7297 7317 7360 7369 7371 7393 7438 7446 7460 7485 7504 7573 7601 7602 7615 7647 7661 7668 7699 7718 7758 7761 7770 7780 7802 7807 7822 7893 7917 7969 7976 8032 8036 8037 8047 8056 8108 8116 8124 8148 8149 8183 8193 8230 8250 8259 8309 8324 8326 8339 8385 8388 8396 8402 8411 8419 8420 8438 8440 8497 8504 8543 8545 8552 8591 8598 8599 8607 8622 8648 8658 8670 8686 8740 8844 8905 8918 8958 8961 8991 9004 9090 9155 9172 9197 9239 9245 9283 9299 9335 9351 9358 9372 9437 9445 9480 9528 9537 9543 9669 9677 9702 9724 9807 9809 9838 9910 10017 10032 10103 10146 10218 10244 10281 10309 10321 10326 10329 10416 10420 10434 10448 10455 10470 10485 10511 10526 10533 10541 10579 10600 10636 10687 10740 10748 10813 10865 10867 10925 10934 10950 10971 10991 11050 11067 11083 11122 11166 11176 11188 11210 11258 11297 11318 11323 11327 11332 11343 11349 11474 11499 11515 11518 11520 11534 11684 11709 11724 11739 11751 11766 11792 11796 11835 11916 12041 12051 12065 12086 12088 12457 12482 12490 12503 12560 12597 12620 12621 12625 12651 12671 12723 12786 12792 12806 13254 13257 13296 13314 13506 13514 13522 13612 13668 13790 13897 13904 13915 13941 13986 14020 14026 14077 14144 14219 14268 14297 14466 14481 14512 14589 14829 14830 14885 14889 15019 15032 15040 15055 15160 15175 15194 15248 15273 15379 15391 15446 15486 15539 15546 15607 15627 15742 15865 15939 16025 16083 16168 16180 16204 16218 16274 16310 16316 16343 16376 16377 16384 16388 16442 16494 16505 16524 16526 16560 16589 16600 16623 16629 16634 16641 16650 16659 16667 16670 16690 16697 16703 16734 16773 16785 16796 16806 16817 16839 16842 16848 16876 16881 16901 16974 16988 17044 17085 17087 17116 17127 17155 17159 17184 17215 17240 17268 17293 17298 17303 17322 17339 17356 17385 17393 17404 17420 17447 17455 17463 17469 17471 17987 17993 17994 18079 18081 18120 18169 18175 18182 18195 
	}

	weather = {
		period = {
			between = { 0.0 30.0 }
			temperature = { 12 30 }
			no_phenomenon = 0.5
			rain_light = 0.25
			rain_heavy = 0.1
			snow = 0
			blizzard = 0
			arctic_water = 0
			mud = 1
			sandstorm = 0
			min_snow_level = 0
		}
		period = {
			between = { 0.1 27.1 }
			temperature = { 12 30 }
			no_phenomenon = 0.5
			rain_light = 0.25
			rain_heavy = 0.1
			snow = 0
			blizzard = 0
			arctic_water = 0
			mud = 1
			sandstorm = 0
			min_snow_level = 0
		}
		period = {
			between = { 0.2 30.2 }
			temperature = { 12 30 }
			no_phenomenon = 0.5
			rain_light = 0.25
			rain_heavy = 0.1
			snow = 0
			blizzard = 0
			arctic_water = 0
			mud = 1
			sandstorm = 0
			min_snow_level = 0
		}
		period = {
			between = { 0.3 29.3 }
			temperature = { 12 30 }
			no_phenomenon = 0.5
			rain_light = 0.25
			rain_heavy = 0.1
			snow = 0
			blizzard = 0
			arctic_water = 0
			mud = 1
			sandstorm = 0
			min_snow_level = 0
		}
		period = {
			between = { 0.4 30.4 }
			temperature = { 12 30 }
			no_phenomenon = 0.5
			rain_light = 0.25
			rain_heavy = 0.1
			snow = 0
			blizzard = 0
			arctic_water = 0
			mud = 1
			sandstorm = 0
			min_snow_level = 0
		}
		period = {
			between = { 0.5 29.5 }
			temperature = { 12 30 }
			no_phenomenon = 0.5
			rain_light = 0.25
			rain_heavy = 0.1
			snow = 0
			blizzard = 0
			arctic_water = 0
			mud = 1
			sandstorm = 0
			min_snow_level = 0
		}
		period = {
			between = { 0.6 30.6 }
			temperature = { 12 30 }
			no_phenomenon = 0.5
			rain_light = 0.25
			rain_heavy = 0.1
			snow = 0
			blizzard = 0
			arctic_water = 0
			mud = 1
			sandstorm = 0
			min_snow_level = 0
		}
		period = {
			between = { 0.7 30.7 }
			temperature = { 12 30 }
			no_phenomenon = 0.5
			rain_light = 0.25
			rain_heavy = 0.1
			snow = 0
			blizzard = 0
			arctic_water = 0
			mud = 1
			sandstorm = 0
			min_snow_level = 0
		}
		period = {
			between = { 0.8 29.8 }
			temperature = { 12 30 }
			no_phenomenon = 0.5
			rain_light = 0.25
			rain_heavy = 0.1
			snow = 0
			blizzard = 0
			arctic_water = 0
			mud = 1
			sandstorm = 0
			min_snow_level = 0
		}
		period = {
			between = { 0.9 30.9 }
			temperature = { 12 30 }
			no_phenomenon = 0.5
			rain_light = 0.25
			rain_heavy = 0.1
			snow = 0
			blizzard = 0
			arctic_water = 0
			mud = 1
			sandstorm = 0
			min_snow_level = 0
		}
		period = {
			between = { 0.10 29.10 }
			temperature = { 12 30 }
			no_phenomenon = 0.5
			rain_light = 0.25
			rain_heavy = 0.1
			snow = 0
			blizzard = 0
			arctic_water = 0
			mud = 1
			sandstorm = 0
			min_snow_level = 0
		}
		period = {
			between = { 0.11 30.11 }
			temperature = { 12 30 }
			no_phenomenon = 0.5
			rain_light = 0.25
			rain_heavy = 0.1
			snow = 0
			blizzard = 0
			arctic_water = 0
			mud = 1
			sandstorm = 0
			min_snow_level = 0
		}
	}
}
