strategic_region={
	id=45
	name="STRATEGICREGION_45"
	provinces = { 
 1736 2083 2442 3141 3726 3827 4449 4664 4968 5576 6005 6035 6074 6790 7350 7962 8050 8758 8846 9014 9806 10518 10875 11359 11472 11797 12105 16236 16238 16280 16286 16298 16320 16321 16342 16362 16382 16397 16402 16424 16434 16439 16441 1838 2862 16403 7711 8606 9561 9685 16315 3703 6021 9204 16079 16099 11217 15878 1449 3017 15896 8053 10115 16149 750 3657 4154 6060 7427 7885 7978 8055 8343 8483 9490 9704 10097 10302 10619 11747 11993 12032 16052 16100 16115 16127 16132 16154 16187 16197 16215 2417 2625 3604 6253 7689 8377 9056 9919 11183 15904 15918 15919 15931 15936 15968 15979 16002 16018 16038 631 4513 4614 5916 6290 6960 9101 9367 9611 9740 9981 10004 11466 16231 16237 16283 17475 17476 9889 5555 6388 6490 11385 16322 16346 16383 6766 8587 15905 6512 10988 15730 15864 3898 4028 6459 7252 7353 7820 8110 8954 9931 10027 10124 10282 10475 11071 11412 11846 11863 15925 15948 15975 15990 16024 16053 16057 16062 16072 16101 16109 16137 16147 16150 16173 16202 1300 2783 6612 7161 10501 11342 11615 16177 16266 16270 16287 16337 16347 16363 15437 15337 2539 7313 10021 5408 10419 9659 11000 14465 14719 14757 472 2850 3448 6013 7451 15781 16003 178 1269 1700 2173 3058 3279 3364 3616 3778 3794 4046 6792 6833 8139 9025 9251 9864 9985 10064 10167 10217 10686 11341 11690 15913 15942 15964 15983 15992 16011 16012 16063 16102 16110 16116 16120 16159 16253 598 1020 1303 2254 3016 3023 3176 3233 4498 5158 5456 5459 7811 8487 8805 10431 10872 11240 11446 11575 15829 15926 15954 15980 16005 16033 16106 1178 2131 2511 2738 4906 5799 6007 6889 9751 15424 15563 15715 15822 1169 1302 1398 1887 2468 4925 6310 6717 9811 15091 1413 2437 5737 6856 14949 1728 2219 2612 2663 3225 4659 5320 6343 6353 6767 7176 7191 7777 8609 9457 9714 9878 9902 10155 10345 10502 10508 10676 10915 11348 11985 15580 15665 15683 15727 15731 15736 15750 15761 15762 15780 15796 15798 15812 15821 15827 15844 15849 15854 15858 15887 15903 15976 672 2293 3665 3804 4323 5462 5892 6384 6721 6875 7187 7200 7419 8610 8937 9096 11567 15288 15351 15396 15714 15773 15819 816 1128 1141 1694 2135 2897 2917 3034 4301 5409 5592 5599 6372 6708 7740 8176 8412 8462 8639 8731 8748 9121 9532 9894 10312 10346 10552 10646 10952 11079 11250 11283 11458 11571 11657 15236 15259 15262 15267 15270 15272 15292 15297 15302 15305 15327 15338 15349 15350 15367 15402 15409 15412 15413 15451 15478 15490 15495 15502 15513 15538 15545 15577 15600 1121 1760 2328 2692 3954 4002 5451 5890 5951 6319 6809 7110 7213 8306 8766 10075 11335 11940 12060 12068 15118 15146 15161 15169 15208 782 1261 2414 2922 2992 3000 3066 4577 4724 6636 6866 7185 8604 8633 8774 9471 9884 14804 14900 14907 14922 14945 14954 14971 15045 403 1008 1063 2350 2601 2984 3320 3798 4558 6008 7540 9047 9366 9853 10250 10318 10362 10722 14764 248 1919 1964 2630 2892 4881 5039 5420 6034 6873 7741 14111 14296 14480 14583 2156 2714 4314 4922 5341 6029 6628 8061 8372 8376 9246 9268 10056 11804 15339 15452 15520 15609 15721 15763 15774 351 1306 1811 2230 3685 5355 7301 7706 9487 15054 15090 15205 1262 1343 4147 4276 4667 4793 6295 6574 7464 7992 8602 11949 14724 14958 888 2105 4909 7931 9141 11754 12057 14629 14682 14768 238 1553 2418 2524 3752 3837 3957 4844 5123 6931 8779 9316 14344 14572 17584 17910
 }
	weather={
		period={
			between={ 0.0 30.0 }
			temperature={ 12.0 30.0 }
			no_phenomenon=0.500
			rain_light=0.250
			rain_heavy=0.100
			snow=0.000
			blizzard=0.000
			arctic_water=0.000
			mud=1.000
			sandstorm=0.000
			min_snow_level=0.000
		}
		period={
			between={ 0.1 27.1 }
			temperature={ 12.0 30.0 }
			no_phenomenon=0.500
			rain_light=0.250
			rain_heavy=0.100
			snow=0.000
			blizzard=0.000
			arctic_water=0.000
			mud=1.000
			sandstorm=0.000
			min_snow_level=0.000
		}
		period={
			between={ 0.2 30.2 }
			temperature={ 12.0 30.0 }
			no_phenomenon=0.500
			rain_light=0.250
			rain_heavy=0.100
			snow=0.000
			blizzard=0.000
			arctic_water=0.000
			mud=1.000
			sandstorm=0.000
			min_snow_level=0.000
		}
		period={
			between={ 0.3 29.3 }
			temperature={ 12.0 30.0 }
			no_phenomenon=0.500
			rain_light=0.250
			rain_heavy=0.100
			snow=0.000
			blizzard=0.000
			arctic_water=0.000
			mud=1.000
			sandstorm=0.000
			min_snow_level=0.000
		}
		period={
			between={ 0.4 30.4 }
			temperature={ 12.0 30.0 }
			no_phenomenon=0.500
			rain_light=0.250
			rain_heavy=0.100
			snow=0.000
			blizzard=0.000
			arctic_water=0.000
			mud=1.000
			sandstorm=0.000
			min_snow_level=0.000
		}
		period={
			between={ 0.5 29.5 }
			temperature={ 12.0 30.0 }
			no_phenomenon=0.500
			rain_light=0.250
			rain_heavy=0.100
			snow=0.000
			blizzard=0.000
			arctic_water=0.000
			mud=1.000
			sandstorm=0.000
			min_snow_level=0.000
		}
		period={
			between={ 0.6 30.6 }
			temperature={ 12.0 30.0 }
			no_phenomenon=0.500
			rain_light=0.250
			rain_heavy=0.100
			snow=0.000
			blizzard=0.000
			arctic_water=0.000
			mud=1.000
			sandstorm=0.000
			min_snow_level=0.000
		}
		period={
			between={ 0.7 30.7 }
			temperature={ 12.0 30.0 }
			no_phenomenon=0.500
			rain_light=0.250
			rain_heavy=0.100
			snow=0.000
			blizzard=0.000
			arctic_water=0.000
			mud=1.000
			sandstorm=0.000
			min_snow_level=0.000
		}
		period={
			between={ 0.8 29.8 }
			temperature={ 12.0 30.0 }
			no_phenomenon=0.500
			rain_light=0.250
			rain_heavy=0.100
			snow=0.000
			blizzard=0.000
			arctic_water=0.000
			mud=1.000
			sandstorm=0.000
			min_snow_level=0.000
		}
		period={
			between={ 0.9 30.9 }
			temperature={ 12.0 30.0 }
			no_phenomenon=0.500
			rain_light=0.250
			rain_heavy=0.100
			snow=0.000
			blizzard=0.000
			arctic_water=0.000
			mud=1.000
			sandstorm=0.000
			min_snow_level=0.000
		}
		period={
			between={ 0.10 29.10 }
			temperature={ 12.0 30.0 }
			no_phenomenon=0.500
			rain_light=0.250
			rain_heavy=0.100
			snow=0.000
			blizzard=0.000
			arctic_water=0.000
			mud=1.000
			sandstorm=0.000
			min_snow_level=0.000
		}
		period={
			between={ 0.11 30.11 }
			temperature={ 12.0 30.0 }
			no_phenomenon=0.500
			rain_light=0.250
			rain_heavy=0.100
			snow=0.000
			blizzard=0.000
			arctic_water=0.000
			mud=1.000
			sandstorm=0.000
			min_snow_level=0.000
		}
	}
}
