strategic_region={
	id=5
	name="STRATEGICREGION_5"
	provinces = { 
        1578 1977 5231 6241 6594 8008 8469 10438 11891 16232 16233 16263 16312 16351 16458 16482 852 1105 3132 5038 5856 6417 7358 9115 9154 9624 10092 11112 11155 11541 11633 11714 16507 16540 16553 16563 16573 16603 16607 16633 16646 16652 4615 5992 6199 6203 6240 6451 6963 9321 10314 10387 10957 12022 16657 16660 16676 16682 16712 16715 16726 16731 16749 16759 16777 16788 187 1920 2434 3567 4071 4346 4379 5515 5901 6633 7116 9191 9289 9291 9818 9859 10843 11855 12017 16827 16850 16853 16861 16862 16885 16905 16908 16921 1084 1360 1932 2048 2152 2407 2485 2603 4919 4932 5052 5845 7034 7502 7631 8328 8931 9273 9683 10048 10528 10629 10877 11118 11189 11299 11497 11531 11758 11910 12047 12081 16769 16821 16836 16875 16900 16918 16923 16927 18144 18150 148 512 1482 2768 3545 4545 4738 5885 6976 8208 9470 9721 9905 10336 10447 10778 11182 11627 16795 16800 16820 16829 16834 16835 16851 16857 16865 16869 16878 16889 16904 16916 16917 6105 6146 8534 8829 8892 9649 9948 10675 11375 16874 16884 16899 16915 16919 16929 16933 16936 16939 16967 18148 18151 18153 446 1744 2112 3395 5586 5864 7814 7882 8883 8982 9538 9944 10692 10794 16903 16920 16932 16935 16948 16949 16950 16954 16959 1880 2013 2037 2605 3094 3270 3623 3637 4040 5184 5815 5850 6030 6352 6607 7014 7321 7990 8001 8140 9048 9183 9236 9444 9845 10242 10256 10365 11127 11290 11368 11618 11984 16781 16807 16822 16823 16824 16825 16840 16846 16860 16868 16870 16872 16873 16882 16895 16897 16911 16914 16922 16930 16945 698 932 1567 1823 3430 3891 4686 5321 5460 5541 5783 5923 6877 7421 7492 8200 8375 8921 9098 9629 9634 9822 10384 10693 10795 11346 16698 16705 16721 16725 16730 16747 16748 16768 16782 16799 16811 16815 16818 16826 16830 16852 16898 832 927 2297 4317 4994 6115 6462 6886 7528 8857 9123 10427 16519 16545 16556 16570 16590 16594 16613 16661 16666 16672 2589 2750 3765 4008 5687 6598 7179 8467 9526 11312 11505 11592 16360 16431 16435 16496 16522 16523 16576 16648 16678 3338 11525 11811 16803 16814 2585 16733 1621 1938 2875 5362 5402 5694 7020 7905 7983 9213 9463 10241 10245 10772 10791 11834 11884 12064 16644 16655 16669 16688 16699 16702 16720 16727 16736 16742 16752 16766 16776 1500 1725 2373 5090 5786 5819 5833 6585 7153 7475 7726 7842 8342 8858 9672 10482 10742 10923 10959 11756 16479 16506 16513 16548 16572 16593 16606 16612 16632 16656 441 1029 2298 4955 6186 6834 7089 7461 8860 9029 10266 10304 11786 11974 16195 16216 16254 16306 16326 16338 16359 16389 3740 5230 5390 5716 6577 7285 8783 9119 9177 9617 9761 9872 9893 11632 11716 11921 16259 16260 16301 16308 16335 16367 16370 16419 16449 16450 16452 16464 16475 16529 1892 4411 8888 8941 9109 9156 16179 16219 16220 16241 204 2349 2961 3828 3854 4798 7065 7481 7538 7687 8657 9260 10145 10311 10801 16649 16695 16706 16722 16729 16737 16756 16763 16780 7375 4802 8374 11015 16951 16966 16975 17017 2159 6964 8662 10695 16941 16964 16984 17609
     18356 18357 18305 18311 18315 18312 18313 18306 18307 18308 18309 18310}
	weather={
		period={
			between={ 0.0 30.0 }
			temperature={ 12.0 30.0 }
			no_phenomenon=0.500
			rain_light=0.250
			rain_heavy=0.100
			snow=0.000
			blizzard=0.000
			arctic_water=0.000
			mud=1.000
			sandstorm=0.000
			min_snow_level=0.000
		}
		period={
			between={ 0.1 27.1 }
			temperature={ 12.0 30.0 }
			no_phenomenon=0.500
			rain_light=0.250
			rain_heavy=0.100
			snow=0.000
			blizzard=0.000
			arctic_water=0.000
			mud=1.000
			sandstorm=0.000
			min_snow_level=0.000
		}
		period={
			between={ 0.2 30.2 }
			temperature={ 12.0 30.0 }
			no_phenomenon=0.500
			rain_light=0.250
			rain_heavy=0.100
			snow=0.000
			blizzard=0.000
			arctic_water=0.000
			mud=1.000
			sandstorm=0.000
			min_snow_level=0.000
		}
		period={
			between={ 0.3 29.3 }
			temperature={ 12.0 30.0 }
			no_phenomenon=0.500
			rain_light=0.250
			rain_heavy=0.100
			snow=0.000
			blizzard=0.000
			arctic_water=0.000
			mud=1.000
			sandstorm=0.000
			min_snow_level=0.000
		}
		period={
			between={ 0.4 30.4 }
			temperature={ 12.0 30.0 }
			no_phenomenon=0.500
			rain_light=0.250
			rain_heavy=0.100
			snow=0.000
			blizzard=0.000
			arctic_water=0.000
			mud=1.000
			sandstorm=0.000
			min_snow_level=0.000
		}
		period={
			between={ 0.5 29.5 }
			temperature={ 12.0 30.0 }
			no_phenomenon=0.500
			rain_light=0.250
			rain_heavy=0.100
			snow=0.000
			blizzard=0.000
			arctic_water=0.000
			mud=1.000
			sandstorm=0.000
			min_snow_level=0.000
		}
		period={
			between={ 0.6 30.6 }
			temperature={ 12.0 30.0 }
			no_phenomenon=0.500
			rain_light=0.250
			rain_heavy=0.100
			snow=0.000
			blizzard=0.000
			arctic_water=0.000
			mud=1.000
			sandstorm=0.000
			min_snow_level=0.000
		}
		period={
			between={ 0.7 30.7 }
			temperature={ 12.0 30.0 }
			no_phenomenon=0.500
			rain_light=0.250
			rain_heavy=0.100
			snow=0.000
			blizzard=0.000
			arctic_water=0.000
			mud=1.000
			sandstorm=0.000
			min_snow_level=0.000
		}
		period={
			between={ 0.8 29.8 }
			temperature={ 12.0 30.0 }
			no_phenomenon=0.500
			rain_light=0.250
			rain_heavy=0.100
			snow=0.000
			blizzard=0.000
			arctic_water=0.000
			mud=1.000
			sandstorm=0.000
			min_snow_level=0.000
		}
		period={
			between={ 0.9 30.9 }
			temperature={ 12.0 30.0 }
			no_phenomenon=0.500
			rain_light=0.250
			rain_heavy=0.100
			snow=0.000
			blizzard=0.000
			arctic_water=0.000
			mud=1.000
			sandstorm=0.000
			min_snow_level=0.000
		}
		period={
			between={ 0.10 29.10 }
			temperature={ 12.0 30.0 }
			no_phenomenon=0.500
			rain_light=0.250
			rain_heavy=0.100
			snow=0.000
			blizzard=0.000
			arctic_water=0.000
			mud=1.000
			sandstorm=0.000
			min_snow_level=0.000
		}
		period={
			between={ 0.11 30.11 }
			temperature={ 12.0 30.0 }
			no_phenomenon=0.500
			rain_light=0.250
			rain_heavy=0.100
			snow=0.000
			blizzard=0.000
			arctic_water=0.000
			mud=1.000
			sandstorm=0.000
			min_snow_level=0.000
		}
	}
}
