strategic_region={
	id=9
	name="STRATEGICREGION_9"
	provinces = {
	 848 1800 2334 2344 3103 3115 3660 4530 5617 6189 6652 7533 7556 7921 7998 8096 9438 10034 10777 11775 11929 17050 17053 17071 17080 17099 17104 17106 17111 17115 17150 17181 18168 18172
	 6771
	 6888 8571 11264 17140 17175 17209 18174 18171
	 534 2228 2725 3286 3479 3603 3836 4058 4065 4670 4758 4809 5455 6590 6699 6775 6900 7590 7883 8078 8081 8439 8644 9304 10086 10597 11102 11218 11355 11478 11488 11670 16863 16892 16910 16928 16944 16955 16995 16999 17001 17007 17020 17036 17040 17052 17074 17079 17088 17098 17118
	 106 241 245 478 1512 1687 1854 3358 3708 3846 4360 4692 4967 5133 5307 5793 6139 6373 6401 6555 6676 6998 7316 7671 8174 8195 9497 9681 9998 10206 10340 10472 10537 10727 10768 10936 10949 11103 11197 11396 16867 16893 16896 16902 16906 16913 16924 16925 16926 16931 16957 16970 16977 17002 17008 17010 17037 17049 17075 17992 17996 18154
	 16958
	 10888 16877
	 2701 3307 3325 4076 4573 4962 5262 6742 6977 7264 7672 7961 9216 9585 9962 10615 10818 11042 11610 16708 16762 16770 16798 16843 16888 16894 18133
	 8447 9641 11059 16784 16801 16832
	 1921 5903 6236 6838 6986 7402 7715 11056 11260 11374 16580 16651 16662 16671 16681 16704 16717 16743 16758 18134
	 211 336 794 1246 1327 1678 2005 2375 2436 2732 2808 2816 3288 3389 3418 3472 3503 3689 3762 3915 4174 4966 5317 5427 5959 6084 6249 6622 7066 7450 7757 7784 8159 8399 8463 8874 9229 9237 9612 10136 10385 10708 10800 10862 11373 11479 11513 16227 16228 16243 16277 16278 16284 16289 16328 16333 16372 16394 16410 16425 16430 16447 16474 16478 16498 16510 16512 16528 16544 16552 16571
	 583 3717 3823 4080 4172 4570 4574 4976 5098 5517 6153 6377 6461 6855 7178 7676 7911 8043 8681 8964 9262 9955 10707 11081 11109 11762 16191 16262 16293 16324 16344 16379 16413 16444 16454 16502 16503 16521 16551 16596 16597 16638 16647 16724
	 228 280 424 679 799 1441 1624 1720 1741 1950 2381 2401 2703 2821 2995 3001 3025 3192 3201 3332 3550 3831 3912 4072 4228 4855 5205 5325 5909 6172 6325 6437 6551 6805 6807 6921 7447 7753 7791 7841 7981 8002 8101 8241 9059 9504 9804 10135 10154 10443 10672 10724 11058 11157 11433 11674 11738 11765 12090 15616 15686 15743 15793 15804 15830 15846 15851 15866 15868 15869 15906 15907 15917 15944 15958 15966 15971 15972 16007 16021 16030 16041 16090 16111 16155 16163 16226 16281 16325 17214 17225
	}
	weather = {
		period={
			between={ 0.0 30.0 }
			temperature={ 12.0 30.0 }
			no_phenomenon=0.500
			rain_light=0.250
			rain_heavy=0.100
			snow=0.000
			blizzard=0.000
			arctic_water=0.000
			mud=1.000
			sandstorm=0.000
			min_snow_level=0.000
		}
		period={
			between={ 0.1 27.1 }
			temperature={ 12.0 30.0 }
			no_phenomenon=0.500
			rain_light=0.250
			rain_heavy=0.100
			snow=0.000
			blizzard=0.000
			arctic_water=0.000
			mud=1.000
			sandstorm=0.000
			min_snow_level=0.000
		}
		period={
			between={ 0.2 30.2 }
			temperature={ 12.0 30.0 }
			no_phenomenon=0.500
			rain_light=0.250
			rain_heavy=0.100
			snow=0.000
			blizzard=0.000
			arctic_water=0.000
			mud=1.000
			sandstorm=0.000
			min_snow_level=0.000
		}
		period={
			between={ 0.3 29.3 }
			temperature={ 12.0 30.0 }
			no_phenomenon=0.500
			rain_light=0.250
			rain_heavy=0.100
			snow=0.000
			blizzard=0.000
			arctic_water=0.000
			mud=1.000
			sandstorm=0.000
			min_snow_level=0.000
		}
		period={
			between={ 0.4 30.4 }
			temperature={ 12.0 30.0 }
			no_phenomenon=0.500
			rain_light=0.250
			rain_heavy=0.100
			snow=0.000
			blizzard=0.000
			arctic_water=0.000
			mud=1.000
			sandstorm=0.000
			min_snow_level=0.000
		}
		period={
			between={ 0.5 29.5 }
			temperature={ 12.0 30.0 }
			no_phenomenon=0.500
			rain_light=0.250
			rain_heavy=0.100
			snow=0.000
			blizzard=0.000
			arctic_water=0.000
			mud=1.000
			sandstorm=0.000
			min_snow_level=0.000
		}
		period={
			between={ 0.6 30.6 }
			temperature={ 12.0 30.0 }
			no_phenomenon=0.500
			rain_light=0.250
			rain_heavy=0.100
			snow=0.000
			blizzard=0.000
			arctic_water=0.000
			mud=1.000
			sandstorm=0.000
			min_snow_level=0.000
		}
		period={
			between={ 0.7 30.7 }
			temperature={ 12.0 30.0 }
			no_phenomenon=0.500
			rain_light=0.250
			rain_heavy=0.100
			snow=0.000
			blizzard=0.000
			arctic_water=0.000
			mud=1.000
			sandstorm=0.000
			min_snow_level=0.000
		}
		period={
			between={ 0.8 29.8 }
			temperature={ 12.0 30.0 }
			no_phenomenon=0.500
			rain_light=0.250
			rain_heavy=0.100
			snow=0.000
			blizzard=0.000
			arctic_water=0.000
			mud=1.000
			sandstorm=0.000
			min_snow_level=0.000
		}
		period={
			between={ 0.9 30.9 }
			temperature={ 12.0 30.0 }
			no_phenomenon=0.500
			rain_light=0.250
			rain_heavy=0.100
			snow=0.000
			blizzard=0.000
			arctic_water=0.000
			mud=1.000
			sandstorm=0.000
			min_snow_level=0.000
		}
		period={
			between={ 0.10 29.10 }
			temperature={ 12.0 30.0 }
			no_phenomenon=0.500
			rain_light=0.250
			rain_heavy=0.100
			snow=0.000
			blizzard=0.000
			arctic_water=0.000
			mud=1.000
			sandstorm=0.000
			min_snow_level=0.000
		}
		period={
			between={ 0.11 30.11 }
			temperature={ 12.0 30.0 }
			no_phenomenon=0.500
			rain_light=0.250
			rain_heavy=0.100
			snow=0.000
			blizzard=0.000
			arctic_water=0.000
			mud=1.000
			sandstorm=0.000
			min_snow_level=0.000
		}
	}
}