5 17 11399 4279 17256 7479 10035 4681 17219 11530 11272 17213 7803 17201 5688 17194 10160 17173 11925 
3 30 11399 7606 10631 1023 17326 17337 5447 17343 11324 902 1712 4116 17361 17365 8283 8414 11961 4707 11988 10860 17450 17446 17445 17436 17429 6045 17413 17411 17408 17406 
2 4 17365 8629 17330 17314 
5 12 17408 9700 6122 17384 17383 17380 17364 5930 6511 17328 17324 17314 
2 10 17314 17300 1794 5865 17272 8217 17271 17259 17246 17239 
1 7 17328 6913 17300 17289 2410 3783 11981 
1 2 17330 11981 
1 13 17239 10698 1392 578 17126 5767 17120 10036 17144 11445 10122 5291 17119 
5 22 17314 17300 17289 3092 17248 7505 5567 17157 8182 4989 7045 17090 9503 6444 8147 5259 17005 9582 7561 16978 7496 4397 
1 19 17119 17110 5516 17092 17084 8144 17057 17042 17038 8724 3096 8746 17039 17029 17031 17033 8147 7869 17016 
1 10 17239 17228 6428 10354 5814 311 17113 11591 11801 17039 
1 3 17324 1587 17330 
1 4 11981 6222 17304 17300 
2 19 4279 17252 12079 17255 7331 9432 4059 8551 17264 11281 9876 17263 9166 6212 10715 10667 3783 6222 17314 
5 22 11399 8382 17252 9129 17233 17227 17200 17179 9240 17166 11430 3121 8299 8409 5015 17054 6182 6938 7254 17016 17005 9582 
5 12 17314 17304 17289 17267 1564 8712 12049 1165 4398 7489 8095 17054 
1 12 17392 6122 17376 17366 5908 17351 17329 11913 17305 1974 17283 17271 
