1 16487 
1 18264 
1 10761 
1 18238 
1 8890 
1 5436 
1 7375 
1 16345 
1 7342 
1 18347 
1 8115 
1 7105 
1 18310 
1 8883 
1 17392 
1 17406 
1 4397 
1 9582 
1 7779 
1 16678 
1 16648 
1 17054 
1 17314 
1 17239 
1 16118 
1 10169 
1 8442 
1 13792 
1 15321 
1 6893 
1 14916 
1 12005 
1 14874 
1 11454 
1 16558 
1 8447 
1 10298 
1 15772 
1 18334 
1 9978 
1 9492 
1 18327 
1 15707 
1 7756 
1 15930 
1 15611 
1 15886 
1 18393 
1 18314 
1 8391 
1 4652 
1 18352 
1 15946 
1 16961 
1 10984 
1 9879 
1 16857 
1 16856 
1 17173 
1 11399 
