state={
	id=1
	name="STATE_1"
	provinces={
		13 1305 1802 2798 4041 4571 5224 5406 5530 6638 7496 7655 8016 8731 8781 8821 9637 10748 10910 11582 11859 11924 12854 14567 14791 14890 15067 15160 15285 16157 16206 16360 16374 16449 16702 17002 17242 17742 17745 18369 18498 18511 18792 19361 19626 20209 20282 21101 21184 22404 22607 22617 24159 24471 25007 25189 25229 25590 26122 26254 26712 26790 26883 27189 27283 28044 28604 28984 29142 29934 30083 31175 31487 31656 33999 34206 34502 34808 35019 35714 35877 36262 36608 36797 36978 37159 37654 38251 38469 40142 40523 40914 41224 41890 42121 42713 43638 43779 44539 44755 44928 45332 45337 45397 45425 45527 45643 
	}
	buildings_max_level_factor=1.000
        manpower=0
        state_category = town
}
