state={
	id=10
	name="STATE_10"
	provinces={
		26 29 41 260 438 652 716 1027 1168 1357 1415 1462 1554 1623 2028 2078 2102 2201 2226 2283 2317 2327 2425 2497 2532 2602 2844 2846 2869 2896 2926 2972 2998 3001 3072 3085 3087 3194 3388 3522 3547 3609 3739 3915 4012 4210 4487 4548 4634 4786 5004 5099 5236 5420 5444 5579 5818 6204 6460 6695 7212 7493 7581 7850 7857 7863 8183 8201 8304 8566 8682 8683 8952 9369 9915 10132 10237 10517 10707 10891 11112 11519 11536 11816 11850 12110 12161 12225 12603 12620 12874 13569 13878 13977 14799 15481 15488 16477 17093 17572 18437 18877 19357 20031 20247 21180 21354 22492 23083 23290 23329 24157 24281 24500 24569 25026 25027 25028 25029 25030 25046 25061 25081 25092 25103 25105 25121 25124 25125 25131 25141 25154 25159 25169 25179 25193 25197 25211 25224 25239 25250 25275 25283 25299 25301 25342 
	}
	buildings_max_level_factor=1.000
        manpower=0
        state_category = town
}
