state={
	id=100
	name="STATE_100"
	provinces={
		270 511 935 1261 1366 1763 1785 2148 2299 2737 2822 3030 3962 4168 4233 5203 5838 5954 6090 6116 6192 6278 6363 6393 6583 6671 7422 7631 7872 8757 8782 8925 8932 9361 9418 9845 9963 10072 10862 10959 11014 11099 11358 11995 12260 12477 12829 13074 13249 13459 14428 14654 15102 16669 16755 16915 17058 17677 17846 17880 19065 19066 19853 20037 20147 20966 20975 21016 21542 22252 23001 23265 23326 23604 24552 27611 27692 27716 27724 27781 27789 27790 27856 27880 27887 27916 27925 27939 27962 27994 28011 28012 28024 28030 28073 28086 28118 28141 28142 28162 28171 28227 28247 28258 28263 28282 28290 28317 28325 28326 28327 28348 28360 28387 28398 28399 28430 28439 28448 28463 28488 28522 28523 28554 28565 28618 28652 28653 28706 28726 28785 28807 28837 
	}
	buildings_max_level_factor=1.000
        manpower=0
        state_category = town
}
