state={
	id=101
	name="STATE_101"
	provinces={
		181 295 322 390 554 1111 1476 1610 1696 2176 2221 2564 2578 2651 2761 3090 3263 3509 3659 3668 3836 3931 4246 4556 4636 5396 5546 6455 6510 6533 6621 6817 6940 6942 7601 7767 8401 9258 10460 11088 11416 11726 12118 12367 12454 12511 12532 12750 12843 12988 13180 13848 13935 14053 14072 14097 14364 14755 15300 16059 16147 16164 16210 16659 16779 16853 16999 17091 17207 17412 17469 17769 18141 18281 18366 18419 18812 18826 19216 19290 19731 19839 19960 20072 20808 21008 21073 21614 21750 21852 22334 22488 22549 22824 22922 23036 23072 23214 23233 23762 24128 24149 24576 24593 24686 27792 27849 27908 27909 27920 27982 28036 28076 28105 28121 28131 28172 28180 28197 28236 28251 28268 28283 28295 28350 28368 28369 28403 28404 28444 28451 28492 28499 28570 28593 28607 28629 28681 28682 28694 28695 28708 28728 28737 28749 28797 28811 28812 28813 28841 28854 28855 28913 28931 28972 28988 29007 29053 29066 29093 29182 29195 29196 29239 29240 29309 29319 29320 29366 29401 29461 29481 29523 29532 29667 29754 29781 29798 29799 29846 29847 29869 29870 29889 29916 29958 30004 30051 30098 30180 30200 30324 30325 30361 30403 30443 30444 30474 30517 30600 30636 30791 30979 
	}
	buildings_max_level_factor=1.000
        manpower=0
        state_category = town
}
