state={
	id=102
	name="STATE_102"
	provinces={
		58 150 673 764 867 879 1201 1249 1339 1378 1494 1616 1625 1651 1852 1940 2055 2287 2416 2570 2769 2954 3107 3505 3934 3944 4127 4164 4747 5024 5147 5288 5302 5492 5570 5594 6143 6774 6868 7107 7370 7494 7781 8119 8708 9519 9964 10252 10337 10637 11320 11422 13242 13277 13393 13445 13450 13459 13545 13563 13641 13650 13776 13839 13846 
	}
	history={
        owner = POL
        add_core_of = POL 
		buildings = {
			infrastructure = 3
			industrial_complex = 1
		}
    }
	buildings_max_level_factor=1.000
	manpower = 1000
	state_category = town
}
