state={
	id=103
	name="STATE_103"
	provinces={
		373 398 399 471 682 919 1226 1230 1512 1534 1659 1689 2054 2103 2202 2208 2230 2308 2404 3276 3432 3665 3719 3735 3967 4484 4669 4757 5166 5207 5558 5649 5677 5848 6046 6086 6093 6823 6879 7128 7665 7801 8054 8396 8510 8824 8884 8978 9017 9084 9103 9214 9269 9448 10061 10141 10302 10543 10804 11105 11250 11785 11832 12120 12278 12407 12633 12729 12760 12917 13058 13683 13691 13712 13770 13936 13994 14158 14173 14294 14339 14477 15197 15262 15304 15538 15691 15699 15727 16027 16031 16499 16652 16706 16720 16785 17027 17103 17176 18048 18513 19291 19407 19606 19722 19740 19768 19986 20016 20064 20242 20271 20297 20322 20360 20474 20557 20565 20894 20951 21131 21140 21486 21640 21795 22011 22034 22268 22526 22831 23029 23225 23457 23486 23580 23649 23769 23800 23877 23899 23917 24198 24269 24462 24487 24655 24672 24724 24795 24879 24894 24947 24969 27871 27927 27966 27967 28095 28096 28097 28145 28149 28150 28181 28203 28204 28214 28215 28237 28296 28329 28390 28391 28405 28433 28477 28500 28501 28512 28513 28527 28539 28540 28571 28583 28594 28599 28683 28696 28709 28750 28775 28786 28830 28842 28870 28914 28944 28945 28956 28989 29008 29037 29081 29082 29083 29094 29112 29127 29143 29183 29184 29197 29213 29214 29222 29241 29257 29268 29278 29279 29290 29321 29382 29383 29402 29403 29404 29422 29423 29463 29482 29514 29524 29525 29526 29534 29548 29549 29550 29594 29607 29618 29634 29668 29680 29681 29709 29717 29718 29745 29756 29783 29784 29785 29801 29833 29834 29863 29917 30016 30017 30018 30054 30055 30071 30087 30141 30142 30202 30220 30247 30248 30299 30338 30389 30426 30445 30476 30536 30553 30637 30722 30737 30825 30844 30863 30919 31011 31029 31064 31219 31306 31307 31454 
	}
	buildings_max_level_factor=1.000
        manpower=0
        state_category = town
}
