state = { 
	id = 105 
	name = "STATE_105" 
	manpower = 180612 
	
	state_category = town 
	buildings_max_level_factor = 2 
	history = { 
		owner = UKR 
		
		buildings = { 
			industrial_complex = 2
			arms_factory = 0
			infrastructure = 3 
		}
		
		add_core_of = UKR 
	}
	provinces = { 6 209 276 476 860 1772 1907 2009 2313 2547 2568 2844 2943 3004 3360 3469 3702 4068 4203 4420 4594 4699 4837 4859 5031 5426 5609 5774 5862 5971 5994 6078 6083 6089 6158 6178 6227 6252 6521 6711 6764 6768 6808 7012 7069 7190 7225 7399 7440 7509 7550 7611 7673 7695 7768 7924 8158 8302 8351 8814 9175 9186 9200 9214 9768 9836 9974 10072 10095 10170 10251 10490 10612 10633 10648 10775 10799 10935 11090 11150 11213 11319 11431 11564 11677 11830 11918 11953 12040 12053 13084 13108 13118 13130 13133 13138 13150 13160 13182 13187 13188 13198 13203 13212 13213 13224 13232 13238 13239 13241 13245 13265 13266 13273 13274 13275 13279 13286 13291 13295 13303 13306 13307 13316 13337 13339 13342 13346 13370 13374 13377 13378 13384 13397 13412 13416 13420 13422 13431 13437 13458 13464 13469 13472 13478 13479 13486 13489 13495 13505 13536 13552 13565 13566 13572 13574 13578 13581 13588 13592 13603 13628 13640 13666 13686 13720 13749 18034 18036 18037 }
}
