state={
	id=107
	name="STATE_107"
	provinces={
		1280 1371 2462 2770 3298 3933 4319 5355 5467 5560 5821 6177 6496 8238 8618 8668 8690 8931 9469 9476 10614 10740 11024 11207 11232 11369 11422 11444 11465 13150 14220 15058 15737 17234 18175 18542 18762 18806 19126 20053 20059 20258 20445 20480 20589 20769 21231 23567 24051 28249 28266 28341 28349 28432 28460 28663 28671 28736 28796 28903 28912 28930 28942 28943 29052 29065 29079 29080 29104 29173 29174 29181 29194 29211 29212 29221 29289 29308 29318 29351 29352 29421 29435 29445 29460 29480 29513 29522 29546 29547 29568 29625 29645 29766 29888 
	}
	buildings_max_level_factor=1.000
        manpower=0
        state_category = town
}
