state={
	id=108
	name="STATE_108"
	provinces={
		28 1083 1240 2161 2278 2374 2535 3449 3490 3629 3757 3896 4161 4553 4706 4711 4734 5221 5441 6054 6255 6597 7079 7226 7282 8244 8404 8500 8755 9152 9442 9558 10120 10128 10322 10558 10913 11001 11261 11324 11827 12215 12495 13177 13277 13295 13389 13631 13653 14119 14122 14405 14712 14964 14986 15077 15187 15339 15402 15658 15791 15983 16105 16159 16245 16260 16407 16644 16905 17082 17241 17248 17394 17465 17692 17849 17882 17893 18151 18196 18262 18285 18653 18697 18769 19249 19639 20672 20728 20788 21169 21175 21202 21321 21742 21878 21884 21888 21938 22048 22073 22292 22313 22315 22336 23140 23776 23921 24111 24216 24330 24482 24560 28146 28174 28182 28238 28284 28297 28309 28343 28351 28419 28434 28502 28572 28573 28635 28655 28664 28684 28710 28715 28738 28751 28763 28764 28843 28871 28915 28932 28946 28990 28991 29054 29067 29084 29095 29096 29097 29155 29175 29198 29215 29223 29234 29242 29322 29353 29384 29385 29464 29465 29490 29499 29551 29619 29646 29696 29710 29786 29802 29803 29848 29849 29904 29918 29947 29959 29986 30056 30100 30112 30129 30181 30210 30256 30272 30326 30363 30477 30478 30502 30539 30639 30656 30657 30702 30703 30704 30794 30845 30884 30885 30953 31066 31129 31130 31183 31282 31491 
	}
	buildings_max_level_factor=1.000
        manpower=0
        state_category = town
}
