state={
	id=109
	name="STATE_109"
	provinces={
		1134 1172 1416 1555 1653 2409 2630 2823 3717 3898 3999 4327 5398 5592 6158 6430 6490 6822 7136 7193 8071 8506 8616 8655 8680 8728 9050 9097 9168 9359 9731 9945 10058 11312 11370 12151 12401 12628 12801 13083 13729 13901 14371 14594 14693 14710 14968 15186 15410 15479 15573 15965 16057 16307 16529 16555 16701 16752 17141 17222 17260 17289 17353 17431 17536 17986 18042 18155 18212 18267 18398 18992 19363 19661 19949 20085 20180 20506 20525 20592 20786 21033 21044 21491 22955 23047 23300 23542 23688 24685 24780 28137 28242 28243 28271 28321 28382 28393 28394 28483 28495 28504 28519 28543 28562 28596 28613 28639 28648 28665 28699 28711 28718 28753 28754 28755 28778 28832 28847 28848 28857 28874 28884 28917 28948 28957 28958 28976 28996 29012 29013 29014 29015 29032 29039 29070 29098 29099 29105 29131 29132 29133 29186 29225 29226 29246 29258 29283 29296 29326 29327 29328 29329 29370 29371 29372 29388 29410 29437 29449 29469 29500 29501 29502 29515 29516 29527 29554 29586 29595 29610 29611 29626 29627 29628 29650 29651 29700 29721 29757 29758 29759 29760 29791 29819 29855 29873 29919 29970 29971 29981 29991 30007 30073 30103 30104 30115 30116 30132 30144 30165 30186 30212 30235 30236 30260 30274 30286 30302 30315 30316 30430 30446 30481 30558 30559 30573 30619 30663 30724 
	}
	buildings_max_level_factor=1.000
        manpower=0
        state_category = town
}
