state={
	id=11
	name="STATE_11"
	provinces={
		32 168 254 296 500 551 567 675 772 784 827 1265 1511 1533 1663 1701 1895 1966 2190 2212 2253 2622 2977 3201 3349 3444 4014 4121 4464 4486 4511 4540 4544 4676 4770 4957 5104 5963 6041 6164 6604 6627 6711 6956 7144 7286 7351 8185 8374 8441 9035 9178 9283 9527 9751 9942 10697 11036 11080 11467 11788 12019 13787 13999 14183 14569 14668 14923 14978 14980 15544 15702 16110 16253 16539 17398 18039 18392 18844 20038 21566 22642 22842 22952 23196 24856 25031 25032 25033 25034 25047 25053 25055 25057 25082 25083 25084 25088 25109 25127 25147 25166 
	}
	buildings_max_level_factor=1.000
        manpower=0
        state_category = town
}
