state={
	id=110
	name="STATE_110"
	provinces={
		211 392 847 1833 2013 2916 3071 3328 3376 3864 4058 4225 4250 4687 5153 5276 5596 6016 6380 6434 6919 8025 8236 8255 8523 8576 8699 8714 8977 9319 9997 10015 10395 10925 11060 12045 12598 12641 12742 13023 13960 14194 14438 14547 15767 16214 16759 16968 17077 17097 17458 17821 18245 18332 18788 18925 18935 19241 19462 19646 19757 19808 20034 20055 20464 20615 20653 20787 21117 21299 21480 22118 22134 22170 22257 22289 23205 23249 23607 23728 23747 24124 24194 24244 24405 24489 24749 24792 24918 28356 28456 28484 28505 28548 28574 28585 28600 28631 28649 28700 28701 28719 28720 28744 28767 28768 28833 28858 28859 28959 28997 29016 29033 29040 29071 29072 29073 29134 29187 29218 29236 29259 29341 29373 29427 29484 29503 29504 29517 29518 29636 29652 29653 29701 29702 29772 29804 29820 29837 29838 29920 29938 29951 30060 30092 30238 
	}
	buildings_max_level_factor=1.000
        manpower=0
        state_category = town
}
