state={
	id=116
	name="STATE_116"
	provinces={
		2476 2657 2747 3188 3848 5156 6466 6697 7587 8325 9962 10274 10461 12088 12390 12916 13049 13215 14091 15558 15728 15729 16199 16404 18783 18866 18995 19381 19985 20896 21598 22540 22550 22817 23480 24052 24745 24810 28745 28791 28951 29026 29044 29118 29136 29190 29250 29262 29299 29377 29396 29429 29452 29453 29639 29704 29737 29840 30042 30093 30169 30206 30241 30253 30264 30318 30397 30646 30682 30765 
	}
	buildings_max_level_factor=1.000
        manpower=0
        state_category = town
}
