state={
	id=119
	name="STATE_119"
	provinces={
		154 306 535 1360 1894 2639 3544 3747 5381 7312 7386 9186 9683 10440 10665 12223 12700 12948 13548 14254 14717 15344 16445 16450 16898 16901 16974 17517 19211 21551 23612 23633 24095 24285 24315 24920 24963 29110 29137 29300 29312 29360 29430 29529 29559 29598 29614 29631 29640 29674 29738 29762 29763 29856 29910 29923 29963 30024 30136 30190 30289 30290 30330 30418 30449 30590 30683 30894 31034 31135 
	}
	buildings_max_level_factor=1.000
        manpower=0
        state_category = town
}
