state={
	id=120
	name="STATE_120"
	provinces={
		1971 2151 2213 2723 2940 3478 3752 4702 5292 5646 5778 6049 7059 7081 7630 7666 7758 8294 8649 8874 9292 10452 10830 11062 11245 11493 12043 12145 12396 12790 13045 13555 13791 14033 14360 14384 14843 14874 15198 15397 15991 17277 18618 18666 19091 19214 19333 19654 20114 20118 20430 20440 20639 20744 20774 20870 20935 20985 21179 21432 21612 21636 22007 22198 22391 22681 23281 23346 23382 23971 24059 24086 24139 24703 28928 29078 29275 29381 29392 29416 29508 29509 29510 29521 29581 29744 29797 29814 29815 29845 29858 29887 29901 30001 30002 30034 30035 30036 30095 30096 30110 30177 30178 30227 30268 30295 30334 30385 30424 30455 30551 30569 30653 30696 30718 30719 30734 30823 30874 30875 30876 31010 31040 31176 31177 31277 31328 31526 31545 31564 31728 31923 
	}
	buildings_max_level_factor=1.000
        manpower=0
        state_category = town
}
