state={
	id=121
	name="STATE_121"
	provinces={
		232 656 1503 1796 1969 2025 3316 3672 5382 5676 6780 7234 7361 7899 8195 8283 8397 9374 9884 10230 10407 10744 11566 12797 13445 14740 15416 15825 16079 17304 18336 18345 20111 20244 20259 20521 20536 21379 21511 21540 21712 22182 22485 23925 24608 24657 24771 24782 29144 29158 29244 29272 29273 29281 29310 29354 29355 29368 29394 29425 29436 29483 29584 29609 29684 29699 29732 29747 29788 29789 29851 29872 29891 29949 29989 30037 30058 30102 30143 30161 30162 30221 30222 30223 30233 30250 30284 30285 30312 30328 30339 30354 30364 30390 30429 30457 30458 30490 30504 30520 30583 30641 30659 30671 30672 30740 30813 30830 30922 30957 
	}
	buildings_max_level_factor=1.000
        manpower=0
        state_category = town
}
