state={
	id=122
	name="STATE_122"
	provinces={
		496 1086 1361 2558 2804 3171 3335 3375 3695 4401 5960 6613 6733 7065 8098 8200 8358 9109 9489 10857 11922 12016 12148 12285 13059 13233 13266 13321 13621 13869 14155 14209 16101 16643 16834 16892 17276 17736 17749 18003 18230 18607 18971 19077 19233 19778 20104 20397 20500 20507 20663 21197 22568 23640 24797 29159 29282 29294 29324 29387 29407 29426 29447 29466 29537 29538 29553 29670 29685 29686 29733 29768 29769 29771 29864 29892 29931 29979 30059 30072 30091 30113 30114 30130 30131 30163 30164 30184 30185 30234 30259 30273 30314 30329 30340 30366 30391 30392 30411 30461 30462 30493 30494 30557 30572 30584 30618 30661 30676 30741 30742 30800 30801 30832 30848 30906 30938 30983 31112 31150 31163 31189 31353 31477 31602 
	}
	buildings_max_level_factor=1.000
        manpower=0
        state_category = town
}
