state={
	id=124
	name="STATE_124"
	provinces={
		110 161 779 1028 1044 1211 1498 1507 1516 1654 2257 2274 2288 2397 2518 2621 2700 3113 3122 3148 3232 3301 3347 3511 3891 4182 4207 4791 4975 5025 5220 5387 5426 5956 6130 6218 6728 6749 6789 6816 7671 7762 7769 7972 7999 8015 8092 8131 9213 9264 9843 10020 10221 10438 10548 10600 10639 10743 10969 11023 11330 11394 11421 11615 11913 12007 12310 12323 12381 12432 12570 12607 12660 12717 13210 13474 13526 13650 13700 13704 13870 13985 14027 14075 14283 14622 15170 15307 15500 15646 15919 15939 15982 16090 16302 16382 16628 16664 17405 17422 17773 18027 18079 18681 18793 19008 19163 19209 19540 19666 19673 19840 20317 20680 20902 21037 21163 21336 21421 21601 21650 21759 21971 22144 22166 22273 22537 22548 22583 22584 22840 22943 23255 23422 23425 23523 23766 24094 24183 24242 24251 24280 24305 24457 24535 24549 24670 24750 24762 24819 24861 24975 29269 29270 29271 29280 29291 29323 29405 29406 29424 29491 29535 29536 29570 29571 29572 29608 29620 29621 29635 29647 29648 29649 29669 29682 29683 29697 29698 29719 29731 29746 29787 29818 29835 29836 29850 29871 29928 29929 29930 29937 29948 29978 29987 29988 30006 30019 30057 30089 30101 30159 30160 30182 30183 30232 30257 30258 30300 30311 30327 30407 30408 30409 30427 30428 30479 30480 30503 30519 30541 30571 30580 30581 30582 30604 30640 30658 30705 30706 30707 30723 30739 30757 30758 30773 30774 30775 30796 30797 30828 30829 30864 30886 30904 30920 30921 30954 30955 30956 30982 30997 31014 31015 31030 31046 31081 31147 31148 31149 31161 31184 31185 31186 31239 31258 31284 31333 31334 31352 31389 31404 31405 31423 31437 31456 31507 31508 31531 31550 31583 31601 31635 31661 31684 31713 31714 31715 31738 31762 31777 31778 31861 31862 31885 31910 31911 31948 32073 32100 32129 32149 32245 32246 32247 32300 32316 32406 32546 32623 32770 32771 32867 32919 32945 33084 33245 
	}
	buildings_max_level_factor=1.000
        manpower=0
        state_category = town
}
