state={
	id=126
	name="STATE_126"
	provinces={
		1233 1521 2167 2258 3448 4652 4972 5653 7008 7206 7224 7265 7479 7640 7672 7813 8082 8104 8120 8704 8904 9015 10380 10526 11079 11704 11876 11890 12238 12277 12387 12437 12508 13684 13862 14056 14865 15037 15181 15296 15470 15932 15987 16308 16434 16900 17214 17387 17751 18455 18634 18761 18922 18990 19248 19497 21656 21771 22023 22044 22344 22659 22763 22926 23292 24178 24394 24415 24494 24837 29374 29470 29556 29596 29734 29793 29806 29875 29894 29895 29939 29982 30022 30023 30117 30134 30135 30146 30147 30188 30213 30343 30369 30393 30415 30416 30432 30448 30464 30496 30506 30521 30561 30589 30622 30710 30726 30727 30745 30760 30761 30762 30804 30835 30889 30890 30907 30908 30942 30943 30960 30986 30987 31002 31031 31052 31068 31069 31087 31224 31225 31226 31227 31228 31242 31335 31357 31372 31393 31482 31514 31554 31605 31653 31719 31720 31816 32036 
	}
	buildings_max_level_factor=1.000
        manpower=0
        state_category = town
}
