state={
	id=127
	name="STATE_127"
	provinces={
		307 1025 1751 2143 2592 3507 3553 4324 4473 5521 5634 5761 6081 6170 6381 7377 7775 8207 8900 8958 9229 9277 9549 9601 9672 9711 9994 11328 11612 12102 12770 12979 13095 13108 13534 13544 13573 13922 14409 15229 15570 16072 16334 16502 16923 17585 17935 17996 18170 19147 19197 19364 20537 20633 20694 20887 21241 21319 21385 21518 21719 21846 21940 22017 22100 22114 22148 22161 22232 22251 22520 23472 23570 24148 24650 29339 29462 29533 29569 29617 29730 29755 29767 29782 29800 29862 29890 29946 30015 30052 30053 30099 30201 30209 30219 30310 30337 30351 30352 30362 30374 30388 30475 30518 30534 30535 30601 30617 30655 30670 30720 30721 30736 30882 30902 30903 30918 30996 31044 31045 31061 31062 31063 31109 31128 31159 31207 31217 31218 31236 31237 31304 31305 31421 31433 31567 31580 31600 31709 31791 31966 31983 32122 32123 32172 32205 32297 32356 32474 
	}
	buildings_max_level_factor=1.000
        manpower=0
        state_category = town
}
