state={
	id=129
	name="STATE_129"
	provinces={
		46 1509 2322 3576 4159 4674 5535 5554 6227 7092 7107 8700 9299 9898 9952 10596 11247 13101 14461 15159 16511 17291 17994 18088 18297 20103 20869 20876 21588 22829 23028 29332 29451 29528 29613 29672 29673 29723 29736 29748 29749 29794 29795 29810 29865 29878 29896 29909 29941 29952 29962 29993 30009 30105 30119 30120 30149 30239 30240 30279 30378 30497 30543 30544 30679 
	}
	buildings_max_level_factor=1.000
        manpower=0
        state_category = town
}
