state={
	id=132
	name="STATE_132"
	provinces={
		42 131 149 979 1884 1976 2181 2399 2525 2655 2805 2809 4764 5057 5086 5349 5377 5583 6237 8917 9199 9566 9755 11011 11273 11329 11774 11839 12317 13511 13651 14078 14203 14265 14363 14489 14804 15531 16140 16279 16468 16694 16768 16794 16899 17619 18246 18965 19370 19624 19847 21072 21168 21462 22126 22909 23279 24014 24392 24866 29666 29817 29832 29902 29927 30003 30014 30050 30070 30140 30199 30230 30271 30298 30323 30350 30360 30373 30402 30442 30515 30516 30532 30533 30552 30598 30599 30635 30654 30669 30735 30755 30756 30771 30790 30824 30862 30881 30900 30901 30935 30976 30977 30978 31027 31028 31042 31043 31060 31108 31126 31127 31179 31180 31204 31205 31206 31216 31234 31280 31281 31303 31318 31319 31349 31350 31366 31367 31383 31400 31401 31402 31420 31452 31473 31506 31566 31632 31693 31708 31774 31788 31790 31903 
	}
	buildings_max_level_factor=1.000
        manpower=0
        state_category = town
}
