state={
	id=134
	name="STATE_134"
	provinces={
		507 532 2849 2853 3313 3329 3759 4180 4232 4328 4450 4616 5194 6221 6304 6504 6573 6794 6848 7129 7183 7437 8574 8617 8836 8986 9286 9291 9600 9634 9636 9772 9872 10853 10944 11030 11184 11427 11525 11606 11933 12283 13004 13414 13429 13614 13697 13748 13828 13905 14009 14499 14801 14806 15030 15267 15429 15480 16153 16241 16448 16564 17322 17449 17743 18384 18413 18456 18577 18912 18914 18970 19117 19373 19774 19923 19965 19973 20043 20372 20406 20515 20699 20715 20722 20882 20958 20959 21052 21390 21478 21849 22026 22213 22287 22443 22521 22558 22828 22958 23470 23744 23878 23918 24046 24092 24207 24333 24356 24555 24557 24568 24753 24926 29903 30005 30088 30128 30231 30249 30255 30353 30404 30405 30406 30537 30538 30554 30570 30579 30602 30638 30701 30738 30772 30792 30793 30826 30827 30883 30936 30951 30952 30980 31012 31013 31065 31080 31181 31182 31208 31220 31238 31256 31308 31368 31385 31386 31422 31435 31530 31582 31614 31615 31633 31647 31648 31660 31682 31694 31695 31696 31735 31760 31761 31792 31793 31857 31858 31859 31883 31908 31928 31929 31945 31946 31967 31968 31969 32033 32050 32051 32085 32086 32087 32124 32125 32126 32148 32173 32190 32191 32192 32193 32241 32242 32243 32279 32280 32298 32299 32313 32314 32357 32372 32373 32389 32403 32404 32442 32460 32476 32477 32498 32499 32513 32514 32544 32560 32561 32579 32580 32597 32621 32622 32674 32688 32705 32720 32730 32731 32752 32767 32768 32790 32791 32829 32847 32857 32881 32898 32918 32987 33006 33007 33034 33035 33046 33080 33099 33147 33266 
	}
	buildings_max_level_factor=1.000
        manpower=0
        state_category = town
}
