state={
	id=135
	name="STATE_135"
	provinces={
		15 20 94 337 443 572 590 604 685 775 813 884 1112 1245 1331 1403 1447 1458 1463 1633 1666 1672 1733 1990 2047 2304 2384 2867 3026 3291 3404 3423 3515 3520 3649 3848 3890 4208 4255 4290 4414 4419 4469 4475 4749 4756 4842 5179 5225 5565 5960 5970 5981 6079 6170 6218 6395 6430 7244 7385 8390 8831 9120 9278 9495 9749 9779 9915 9953 10261 10677 11011 11068 11214 11480 11649 12074 13746 13892 13916 13935 14009 14091 14105 14208 14315 14430 14579 14584 14769 18064
	}
history= {
		owner = POL
		add_core_of = POL
		buildings = {
			infrastructure = 3
			industrial_complex = 1
		}
	}
	buildings_max_level_factor=1.000
        manpower=1950000
        state_category = town
}
