state={
	id=137
	name="STATE_137"
	provinces={
		439 862 2463 2588 6452 6768 7604 7711 7971 8099 8783 9175 10179 11306 11447 12514 12772 13385 14703 15040 16965 17501 17554 18341 18859 19313 20678 22270 22491 22600 22699 23081 23807 24024 30020 30038 30133 30145 30166 30187 30203 30237 30261 30275 30287 30303 30341 30342 30367 30377 30412 30413 30414 30431 30447 30482 30483 30495 30505 30560 30585 30586 30587 30606 30620 30621 30643 30709 30725 30777 30803 30816 30833 30834 30941 30999 31000 
	}
	buildings_max_level_factor=1.000
        manpower=0
        state_category = town
}
