state={
	id=139
	name="STATE_139"
	provinces={
		454 593 1300 1715 2094 2899 2931 3258 3299 5391 5951 6348 6397 6450 7477 8087 10011 10661 10768 11280 11630 11900 12003 12129 12182 12188 12922 13082 14328 15401 15521 15848 15859 16004 16551 16686 16953 16987 17187 17603 17905 17933 18387 18442 19401 19443 21205 22569 22625 22929 23032 23417 23418 23516 23552 23630 24313 24522 24533 24543 24577 30067 30218 30267 30382 30400 30511 30512 30527 30550 30566 30567 30593 30651 30652 30692 30693 30753 30754 30821 30857 30931 30932 30933 30974 30994 31008 31038 31057 31094 31122 31155 31156 31157 31197 31252 31253 31299 31345 31346 31380 31381 31417 31503 31561 31562 31577 31597 31681 31724 31725 31828 31829 31852 31922 32024 32067 32164 32216 32217 32397 32523 32634 
	}
	buildings_max_level_factor=1.000
        manpower=0
        state_category = town
}
