state={
	id=14
	name="STATE_14"
	provinces={
		292 520 579 939 978 1129 1132 1188 1527 1571 1592 1625 1670 2264 2287 2363 2431 2848 3187 3222 3274 3350 3724 3910 3917 3980 3981 4413 4543 4555 4732 4760 4797 4859 5293 5389 5494 5502 5835 6002 6182 6356 6702 6714 6918 6951 7001 7027 7957 8651 8741 8965 9071 9209 9833 10114 10358 10469 10555 10559 10590 10790 11474 11492 11607 11824 12448 12684 12849 12856 13118 13185 13363 14244 14279 14412 14516 14666 14915 14995 15425 15517 15536 15746 16772 16940 17311 17456 18111 18296 19350 19378 20254 21337 21824 22327 22563 22579 22887 24162 24326 24884 25097 25155 25175 25200 25207 25227 25231 25248 25265 25267 25284 25298 25311 25312 25324 25337 25339 25365 25377 25408 25424 25434 25450 25457 25502 25505 
	}
	buildings_max_level_factor=1.000
        manpower=0
        state_category = town
}
