state = { 
	id = 140 
	name = "STATE_140" 
	manpower = 320388 
	
	state_category = town 
	buildings_max_level_factor = 2 
	history = { 
		owner = UKR 
		
		buildings = {
			industrial_complex = 2
			arms_factory = 1
			infrastructure = 2 

}
		
		add_core_of = UKR 
	}
	provinces = { 16 199 432 680 875 1054 1067 1221 1282 1706 1894 2039 2101 2234 2360 2403 2448 2491 2492 2747 2929 2958 3055 3151 3537 3979 4032 4049 4104 4206 4460 4733 4801 4846 5026 5105 5163 5322 5421 5494 5531 5761 6151 6176 6288 6391 6407 6472 6541 6588 6675 6810 6849 6881 6927 6940 6962 7237 7265 7387 7392 7428 7628 7704 7723 7738 7810 7839 7915 8121 8268 8490 8537 8603 8614 8649 8729 8818 8912 8926 8978 9031 9069 9152 9275 9322 9507 9609 9661 9903 10394 10548 10556 10679 10711 10725 10787 10898 10993 11021 11038 11060 11185 11192 11261 11300 11378 11398 11492 11729 11968 12003 12083 13546 13625 13662 13670 13723 13752 13791 13802 13834 13836 13840 13848 13857 13872 13899 13944 13945 13950 13960 13972 13973 13974 13990 13991 13996 14003 14008 14049 14073 14092 14104 14168 14172 14181 14213 14307 18040 }
}
