state={
	id=142
	name="STATE_142"
	provinces={
		895 960 1836 3009 3607 3774 3841 4966 5085 5107 6178 7247 7453 7938 8223 8550 8705 8936 8973 9157 9185 9313 9713 9995 10215 10490 10887 11016 11139 11349 11769 12096 12350 12932 12966 13198 13257 14079 14126 14672 15268 15385 15730 15893 15923 16048 16527 16889 17901 17908 18402 18463 18466 18516 18564 18757 18924 19109 19143 20405 20611 20926 20980 20993 21834 22040 22405 23357 23868 23983 24648 24777 30252 30301 30376 30460 30556 30605 30642 30660 30662 30674 30675 30743 30744 30798 30799 30814 30831 30847 30866 30867 30905 30924 30998 31017 31018 31047 31048 31082 31083 31084 31131 31132 31164 31210 31222 31240 31261 31262 31263 31286 31310 31311 31321 31370 31390 31406 31439 31459 31476 31493 31509 31510 31552 31569 31570 31650 31651 31664 31665 31666 31667 31668 31685 31796 31813 31814 31815 31833 31834 31845 31890 31972 32002 32003 32053 32075 32152 32177 32195 32206 32249 32250 32319 32320 32321 32337 32390 32407 32427 32446 32462 32479 32516 32583 32584 32602 32603 32604 32625 32659 32735 32755 32773 32888 32921 32949 33048 
	}
	buildings_max_level_factor=1.000
        manpower=0
        state_category = town
}
