state={
	id=144
	name="STATE_144"
	provinces={
		1160 2372 2679 2742 2786 3408 4033 4047 4426 5101 5515 6266 7509 10556 10880 11412 11756 12403 14379 14738 15471 15744 15788 15916 15930 16254 16429 19104 19161 19284 19459 20532 21296 21800 22370 22730 22746 22805 22903 23414 24235 24990 30467 30626 30627 30644 30729 30805 30851 30872 30893 30926 30988 30989 31033 31089 31168 31169 31245 31268 31323 31336 31337 31396 31462 31463 31483 31494 31518 31519 31573 31766 31799 31819 31838 31935 32008 32019 32107 32108 32210 32229 32343 32344 32345 32346 32364 32392 32520 32533 32710 
	}
	buildings_max_level_factor=1.000
        manpower=0
        state_category = town
}
