state={
	id=145
	name="STATE_145"
	provinces={
		645 2132 3651 6543 7256 11424 11874 12527 13064 13468 13686 15492 15718 16383 16513 17202 18573 19702 20355 20805 20874 22984 30419 30576 30685 30714 30767 30854 30855 30896 30963 31023 31024 31076 31196 31270 31293 31362 31377 31430 31446 31466 31538 31539 31540 31558 31575 31624 31676 31721 31769 31803 31804 31824 31849 31937 31955 31956 31993 31994 31995 32064 32138 32212 32233 32394 
	}
	buildings_max_level_factor=1.000
        manpower=0
        state_category = town
}
