state={
	id=147
	name="STATE_147"
	provinces={
		236 1035 1124 3012 3221 4216 4284 5916 7515 8609 9250 9993 10052 11622 12076 12108 12780 13833 15163 15564 16732 18488 18967 19877 21305 22665 22713 23517 24335 30610 30711 30763 30764 30780 30873 30910 30911 30927 30962 31004 31072 31090 31117 31170 31230 31313 31314 31338 31359 31444 31464 31495 31622 31639 31672 31748 31780 31800 31839 31840 31871 31989 32109 32180 32181 32348 
	}
	buildings_max_level_factor=1.000
        manpower=0
        state_category = town
}
