state={
	id=148
	name="STATE_148"
	provinces={
		90 274 549 1515 1846 1865 2152 2572 2912 2932 3280 3549 3944 3964 4052 4156 4356 4516 4602 4672 4738 4769 5117 5320 5632 5723 5785 5928 6051 6618 6692 6832 7219 7626 7826 8049 8150 8361 8551 8711 8717 8830 8970 9345 9455 9607 9720 9832 9888 10037 10160 10256 10459 10979 11037 11123 11170 12385 12393 12435 12721 12811 12997 13196 13242 13245 13415 13676 14320 14390 14587 14662 14762 14879 15068 15383 15698 16150 16386 16394 16514 17011 17302 17347 17610 17858 18253 18609 18852 19009 19212 19269 19376 20006 20026 20068 20272 20377 20446 20492 20582 20594 20831 20846 21045 21119 21314 21368 21472 21564 21865 21972 22381 22408 22453 22552 22619 22667 22693 22725 23124 23507 23549 23557 23882 23927 24433 24508 24630 24723 24845 24900 30664 30677 30708 30776 30802 30815 30849 30868 30939 30940 30958 30984 30985 31049 31067 31085 31098 31113 31151 31211 31212 31264 31265 31312 31322 31354 31407 31424 31440 31460 31478 31479 31511 31533 31534 31619 31636 31652 31687 31717 31742 31779 31797 31835 31865 31866 31932 31949 31950 31973 31987 32018 32055 32102 32130 32154 32196 32252 32261 32283 32338 32361 32375 32409 32447 32463 32464 32480 32503 32517 32529 32550 32626 32707 32708 32738 32739 32774 32793 32850 32870 32890 32901 32902 32951 32952 32970 33010 33086 33105 33106 33107 33108 33185 33186 33214 33270 33271 33290 33300 33317 33334 33369 33370 33422 33423 33439 33440 33487 33548 33549 33550 33568 33582 33599 33654 33669 33689 33701 33724 33762 33784 33785 33786 33846 33859 33874 33875 33916 33938 34010 34011 34012 34054 34097 34134 34169 34350 34370 
	}
	buildings_max_level_factor=1.000
        manpower=0
        state_category = town
}
