state={
	id=15
	name="STATE_15"
	provinces={
		175 208 272 377 485 572 590 918 925 1353 1544 1725 1809 1897 1975 2090 2220 2513 2531 2537 2581 2675 2727 2865 2905 3115 3158 3226 3303 4239 4343 4410 4546 4603 4747 4807 5000 5012 5218 5232 5370 5449 5528 5660 5853 5942 6070 6073 6875 6976 7130 7140 7252 7293 7313 7316 7406 7504 7646 7756 8152 8176 8267 8818 8859 9533 9581 9722 9742 10049 10117 10154 10467 10638 10938 11049 11477 11542 11735 11833 11907 12168 12175 12195 12239 12254 12759 12816 13008 13104 13316 13466 13998 14084 14401 14447 14617 14871 14985 15100 15101 15441 15763 16274 16338 16389 16400 16443 16559 18218 18476 19582 19686 19712 20191 20344 20460 20498 20523 20638 20855 21221 21423 21424 21645 22131 22362 22916 23000 23043 24263 24314 24738 25065 25087 25132 25142 25143 25173 25182 25194 25204 25219 25228 25241 25268 25280 25288 25303 25306 25329 25356 25435 25458 25471 25509 25593 25636 25638 25665 25684 25712 25720 25742 25749 25754 25792 
	}
	buildings_max_level_factor=1.000
        manpower=0
        state_category = town
}
