state={
	id=151
	name="STATE_151"
	provinces={
		618 2231 2248 5149 6673 7375 7551 7685 8148 8726 11315 11821 12601 13063 13643 13774 14041 14611 14991 15609 15641 15806 16257 16441 16668 16814 16877 16924 17081 17630 17720 19040 19252 20039 20094 20134 21723 21921 22094 22638 23012 23077 23134 23511 23855 24007 24595 30846 30887 30923 31095 31096 31097 31187 31221 31259 31260 31320 31369 31438 31457 31458 31475 31492 31617 31662 31663 31739 31740 31741 31832 31886 31984 32074 32150 32151 32222 32317 32443 32732 32833 32885 32989 32990 33101 
	}
	buildings_max_level_factor=1.000
        manpower=0
        state_category = town
}
