state={
	id=152
	name="STATE_152"
	provinces={
		10 301 1449 1514 1869 2354 2610 4576 4657 5442 7553 7667 7752 7787 7886 9390 9859 9881 10761 10977 11064 11091 11545 12338 13559 13911 15474 15520 15637 15840 16547 16691 18038 18283 19450 19541 20393 21002 21248 21502 21695 21893 23152 23317 23404 23638 24163 24188 24501 24514 24825 30895 30945 31035 31074 31075 31103 31104 31192 31193 31248 31291 31292 31340 31376 31397 31429 31445 31484 31499 31520 31521 31591 31592 31641 31654 31690 31751 31782 31802 31822 31823 31841 31873 31874 31897 31978 31992 32010 32011 32043 32062 32063 32078 32093 32094 32113 32231 32232 32255 32264 32265 32286 32306 32378 32393 32415 32485 32507 32613 32647 32745 32819 32820 32821 32894 32908 32975 32997 33053 33157 33158 
	}
	buildings_max_level_factor=1.000
        manpower=0
        state_category = town
}
