state={
	id=155
	name="STATE_155"
	provinces={
		413 636 1042 1439 1579 1779 4021 5112 5250 5458 6797 7067 7897 8011 10187 10446 10917 10964 11220 11357 11376 11921 14312 14583 14908 16578 17189 17418 17533 17920 17923 18409 19553 19919 20145 20251 20323 20540 20991 22700 22968 22977 23254 23408 24554 31119 31363 31378 31485 31500 31522 31541 31576 31625 31677 31752 31753 31783 31842 31850 31875 31918 31957 32012 32021 32044 32160 32213 32256 32287 32453 32522 32534 32649 32699 32801 32863 33056 33276 33559 
	}
	buildings_max_level_factor=1.000
        manpower=0
        state_category = town
}
