state={
	id=156
	name="STATE_156"
	provinces={
		34 200 219 725 781 890 1046 1345 1680 1798 1918 2041 2359 2533 2593 2640 2684 3129 3147 3167 3277 3397 3543 3762 3867 3947 4378 4664 4986 5160 5272 5534 5669 5705 5799 5892 6006 6108 6233 6376 6676 6734 6739 6748 7041 7117 7462 7884 7951 7983 7992 8184 8227 8301 8328 8443 8538 8961 9003 9295 9407 9412 9413 9574 9618 9648 9716 9719 9753 9779 9806 9837 9850 9959 10016 10081 10098 10308 10431 10493 10500 10601 10799 10956 11387 11529 11543 11657 11666 11675 11929 12164 12302 12513 12535 12622 12662 12806 12848 12861 13043 13357 13426 13432 13457 13566 13807 13826 13835 13866 13931 13953 14069 14202 14388 14545 14640 14652 14861 14981 15028 15280 15288 15458 15494 15562 15615 15645 15686 15886 16003 16050 16066 16108 16156 16482 16596 16798 16847 16872 17019 17778 17873 17978 18090 18153 18188 18307 18338 18367 18415 18477 18506 18580 18583 19045 19121 19274 19280 19398 19436 19604 19635 19799 19858 19909 19921 20062 20106 20212 20309 20364 20508 20530 20567 20584 20613 20630 20641 20848 20873 20883 21080 21160 21215 21291 21543 21765 21796 21818 21827 21917 22135 22143 22177 22310 22322 22339 22419 22474 22587 22615 22685 22715 22844 22877 22979 23015 23046 23078 23139 23230 23238 23466 23545 23656 23658 23786 23787 23797 23829 23884 23919 23945 24054 24104 24271 24357 24503 24570 24660 24716 24833 24931 31021 31051 31356 31371 31427 31536 31553 31604 31718 31869 31914 31934 31975 32004 32037 32056 32089 32090 32104 32105 32131 32132 32133 32197 32198 32208 32209 32262 32284 32285 32376 32377 32429 32449 32465 32531 32532 32585 32607 32628 32692 32794 32815 32860 32873 32904 32953 32971 32993 33067 33068 33087 33088 33135 33172 33248 33291 33351 33352 33404 33424 33425 33453 33469 33505 33525 33553 33554 33555 33556 33600 33670 33671 33672 33673 33702 33725 33788 33805 33825 33890 33891 33918 33989 34015 34038 34056 34079 34098 34099 34113 34114 34154 34155 34171 34172 34227 34243 34258 34259 34280 34315 34330 34371 34386 34387 34403 34421 34435 34450 34466 34479 34480 34516 34517 34518 34542 34543 34572 34586 34587 34603 34604 34605 34618 34630 34631 34647 34689 34690 34720 34740 34741 34742 34786 34799 34817 34818 34840 34860 34894 34909 34910 34946 34956 34957 34985 34986 34998 34999 35012 35056 35072 35073 35095 35123 35145 35156 35157 35193 35194 35212 35228 35273 35274 35290 35310 35325 35378 35394 35395 35396 35412 35413 35414 35435 35470 35481 35492 35493 35524 35525 35526 35547 35548 35549 35575 35600 35601 35617 35658 35678 35689 35723 35724 35747 35780 35852 35853 35871 35872 35891 35909 35910 35924 35943 35944 35945 35965 36000 36001 36036 36037 36066 36067 36082 36083 36100 36101 36137 36193 36204 36205 36220 36221 36290 36330 36351 36352 36353 36383 36384 36385 36386 36462 36570 36600 36624 36640 36641 36767 36782 36793 36794 36884 36885 36902 36954 36973 37042 37061 37062 37080 37116 37165 37204 37205 37221 37265 37305 37352 37372 37395 37497 37515 37516 37538 37683 37701 37702 37719 37739 37785 37858 37859 37876 37973 38029 38129 38196 38387 38388 38716 
	}
	buildings_max_level_factor=1.000
        manpower=0
        state_category = town
}
