state={
	id=157
	name="STATE_157"
	provinces={
		38 527 1726 2000 2019 2188 2623 2808 3177 4079 4586 4693 4801 4864 5240 5812 5964 6084 7552 7706 8796 9130 9245 9563 9851 9983 10486 10820 10872 10946 11961 12004 12024 12227 12705 12722 13201 13322 14961 15059 15233 15415 15467 15595 15611 16007 16343 16617 16990 17054 17135 17265 17626 18044 18691 19156 19412 19889 19950 20215 20409 21369 21405 21679 22009 23528 23548 23819 23949 24063 24224 24450 24656 24982 31016 31111 31285 31532 31551 31618 31763 31795 31844 31863 31887 31888 31889 31931 31971 31985 31986 32034 32088 32101 32318 32336 32360 32426 32444 32445 32502 32547 32548 32549 32582 32600 32601 32658 32678 32689 32690 32724 32772 32792 32849 32858 32868 32886 32887 32899 32946 32947 32991 33022 33023 33037 33104 33133 33152 33153 33154 33171 33184 33229 33269 33288 33299 33332 33348 33403 33421 33464 33485 33486 33504 33630 33651 33652 33668 33781 33803 33819 33820 33845 33988 34036 34037 34053 34168 34195 34241 34329 34349 34383 34400 34431 34495 34496 34666 34686 34687 34769 34770 34784 34835 34927 34945 34982 35029 35093 35094 35139 35173 35226 35272 35287 35410 
	}
	buildings_max_level_factor=1.000
        manpower=0
        state_category = town
}
