state={
	id=159
	name="STATE_159"
	provinces={
		4635 5638 6322 6700 7642 10683 11294 12325 12504 13012 13271 13760 14604 15659 15888 16176 16493 17008 17231 17233 17546 18906 19332 21493 22151 22193 22320 22343 22398 23088 23609 24659 31461 31556 31587 31621 31699 31765 31798 31893 32092 32227 32228 32342 32518 32644 32778 32796 32892 32923 32924 32954 33069 33070 33189 33190 33215 33250 33272 33301 33321 33353 33375 33376 33427 33471 33601 33789 
	}
	buildings_max_level_factor=1.000
        manpower=0
        state_category = town
}
