state={
	id=160
	name="STATE_160"
	provinces={
		20 93 616 701 811 845 1169 1276 1607 2160 2199 2440 2512 2536 2698 3338 3341 3753 3857 4088 4130 4379 4679 5433 6057 6378 6629 6791 6826 7006 7022 7188 7383 7991 8340 8569 8635 8944 8967 9324 9460 9639 9663 9759 9829 10009 10099 10253 10758 11065 11296 11392 11405 11456 11725 11873 11998 12009 12267 12335 12376 12415 12444 12685 12799 12900 12944 13117 13190 13586 13632 13708 13840 14021 14408 14478 14503 14504 14560 14701 14911 15167 15184 15358 15495 15793 15800 15805 15862 16187 16262 16385 16403 16414 16765 17051 17429 17593 17637 17690 17702 17735 17752 18013 18108 18162 18193 18223 18240 18708 18746 19023 19034 19051 19223 19228 19254 19272 19316 19519 19842 19925 20076 20347 20369 20394 20545 20576 20645 20679 20763 20765 20800 20865 21039 21104 21187 21388 21403 21482 21558 21686 22194 22205 22229 22233 22262 22306 22332 22341 22389 22434 22495 22658 23093 23106 23313 23343 23450 23451 23508 23694 23974 24136 24175 24185 24230 24497 24506 24631 24645 24669 31203 31233 31302 31331 31432 31490 31529 31631 31659 31707 31757 31758 31789 31855 31881 31927 31944 31965 32028 32029 32030 32031 32081 32099 32144 32145 32187 32204 32220 32240 32269 32270 32271 32311 32370 32386 32402 32421 32422 32457 32458 32495 32496 32543 32559 32618 32638 32654 32670 32671 32672 32685 32751 32764 32765 32787 32827 32828 32855 32865 32897 32936 32937 32938 32939 32965 32984 33020 33021 33032 33061 33097 33122 33123 33124 33125 33144 33167 33179 33199 33222 33242 33263 33264 33281 33294 33295 33342 33364 33397 33414 33447 33515 33516 33538 33539 33540 33565 33574 33575 33576 33592 33593 33609 33610 33626 33627 33644 33664 33695 33713 33714 33734 33735 33753 33754 33774 33798 33816 33855 33869 33883 33901 33902 33903 33904 33930 33951 33969 33983 33984 34004 34005 34031 34058 34059 34060 34105 34106 34131 34147 34148 34186 34187 34188 34207 34222 34236 34271 34291 34292 34293 34294 34310 34311 34325 34326 34364 34414 34415 34427 34445 34462 34475 34533 34580 34595 34625 34626 34658 34681 34695 34731 34732 34794 34852 34938 35006 35024 35050 35065 35108 
	}
	buildings_max_level_factor=1.000
        manpower=0
        state_category = town
}
