state={
	id=163
	name="STATE_163"
	provinces={
		35 966 1067 2465 2730 3178 4199 4205 4978 5404 5890 5937 6744 7345 7494 8613 9745 9946 10254 10300 10674 11764 11789 12012 12085 12087 12596 12610 12653 12663 12942 13730 14398 14725 15152 15173 15909 16388 16401 17332 17785 18703 18865 19043 19125 19546 19890 21178 21370 21560 21941 22798 22827 23359 23399 23467 23982 24298 24769 24883 24976 31145 31235 31613 31731 31732 31775 31776 31904 32032 32082 32083 32121 32146 32188 32272 32273 32274 32275 32276 32277 32312 32332 32371 32387 32423 32440 32473 32497 32576 32619 32639 32673 32718 32766 32788 32843 32844 32856 32866 32880 32940 32941 32985 32986 33002 33033 33079 33126 33145 33146 33168 33169 33209 33223 33265 33282 33296 33312 33343 33398 33415 33448 33462 33463 33479 33541 33645 33665 33775 33799 33905 33931 33952 33970 34032 34049 34107 34189 34341 34612 
	}
	buildings_max_level_factor=1.000
        manpower=0
        state_category = town
}
