state = {
	id=164
	name="STATE_164"
	provinces={
		1026 1981 2398 2498 3070 3463 4348 4742 4910 5108 5129 6086 6418 6524 6578 6737 7318 7382 7928 7979 8156 8647 8664 8929 9146 9426 9587 9726 9827 9932 10168 10191 10288 10339 10642 10864 11194 11453 11477 11573 11682 11688 11894 11992 12044 12097 12098 13813 13821 13831 13842 13845 13860 13863 13864 13874 13885 13889 13895 13908 13932 13938 13954 13955 13956 13964 13968 13987 13992 13997 14028 14029 14038 14041 14047 14055 14080 14083 14089 14112 14129 14140 14161 14174 14200 14249 
	}
history= {
		owner = UKR
		add_core_of = UKR
		buildings = {
			infrastructure = 3
			industrial_complex = 2
			arms_factory = 0
		}
	}
	buildings_max_level_factor=2.000
        manpower=121935
        state_category = town
}
