state={
	id=167
	name="STATE_167"
	provinces={
		290 537 812 948 1341 2004 2175 4962 5714 6137 6614 6869 6878 7149 7444 7865 8419 8442 9602 10192 10238 10680 12703 13204 13342 13477 14466 15424 15981 16856 16971 17013 17495 17883 18302 18339 18352 18451 18616 18987 18999 19270 19844 20265 20511 21061 21357 21744 22108 22122 22942 23121 24005 24219 24664 24695 31384 31434 31453 31581 31710 31733 31734 31759 31831 31856 31882 31905 31906 31907 32017 32049 32071 32084 32147 32189 32221 32259 32278 32333 32388 32424 32441 32459 32475 32512 32577 32578 32620 32640 32686 32687 32719 32789 32810 32845 32846 32966 32967 33003 33004 33005 33045 33127 33128 33129 33224 33225 33283 33284 33330 33365 33383 33384 33399 33449 33480 33543 33577 33611 33680 33800 33801 33856 33933 33971 33985 34006 34062 
	}
	buildings_max_level_factor=1.000
        manpower=0
        state_category = town
}
