state={
	id=17
	name="STATE_17"
	provinces={
		30 75 78 116 158 222 250 251 259 347 479 505 524 581 600 657 688 757 758 790 805 807 872 893 916 949 952 1002 1054 1079 1159 1239 1284 1293 1296 1311 1423 1438 1487 1561 1602 1656 1658 1676 1687 1811 1812 1924 1949 2065 2084 2244 2245 2352 2358 2383 2413 2438 2441 2444 2445 2469 2489 2580 2611 2642 2713 2718 2744 2769 2831 2840 2887 2962 3015 3043 3146 3198 3243 3249 3286 3487 3494 3571 3579 3581 3589 3613 3614 3627 3631 3635 3660 3706 3710 3740 3984 4007 4105 4106 4183 4195 4317 4341 4425 4458 4494 4589 4598 4624 4775 4798 4805 4822 4860 4865 4965 4990 4994 4997 5023 5028 5070 5082 5228 5237 5290 5296 5412 5661 5749 5751 5776 5827 5862 6323 6343 6353 6741 6872 6990 7002 7106 7108 7159 7179 7237 7255 7320 7382 7399 7624 7804 7913 7936 7984 8053 8093 8214 8456 8464 8477 8561 8592 8620 8825 8835 8920 9149 9171 9187 9211 9272 9273 9281 9363 9365 9370 9425 9444 9492 9493 9497 9582 9588 9624 9629 9646 9669 9736 9767 9791 9821 9922 9985 9998 10084 10089 10093 10208 10212 10273 10291 10320 10436 10466 10531 10545 10598 10708 10837 10962 11106 11165 11197 11199 11223 11243 11308 11322 11665 11919 11926 11938 12049 12094 12162 12262 12295 12333 12391 12602 12651 12698 12765 12794 12920 13006 13120 13268 13329 13332 13533 13542 13564 13675 13812 13831 13868 13916 13924 14043 14096 14130 14142 14182 14234 14251 14393 14468 14484 14591 14596 14817 14844 15227 15246 15438 15552 15619 15640 15710 15807 16229 16384 16577 16627 16641 16708 16712 16903 16975 16998 17023 17038 17085 17205 17373 17587 17691 17737 17910 17924 18004 18135 18464 18581 18854 19011 19242 19283 19371 19425 19475 19498 19791 19868 19886 19937 19941 19981 20004 20008 20041 20204 20636 20695 20704 20832 20889 21060 21132 21182 21348 21471 21523 21525 21690 22003 22217 22271 22276 22765 23413 23473 23565 23571 23936 23972 24019 24137 24160 24295 24534 24562 24765 25168 25186 25196 25202 25217 25222 25225 25232 25252 25260 25270 25318 25331 25340 25349 25350 25366 25370 25378 25381 25391 25418 25421 25427 25433 25443 25469 25473 25478 25490 25500 25513 25525 25526 25529 25530 25538 25552 25557 25559 25560 25565 25572 25578 25583 25600 25603 25626 25634 25669 25680 25681 25683 25694 25699 25705 25706 25711 25725 25726 25748 25769 25776 25782 25784 25804 25805 25814 25817 25825 25828 25835 25859 25867 25879 25895 25902 25922 25939 25943 25960 25961 25975 25979 25980 25987 25998 26020 26031 26044 26045 26057 26075 26078 26084 26094 26101 26141 26145 26159 26162 26207 26211 26215 26235 26239 26240 26248 26275 26277 26278 26291 26300 26339 26340 26351 26362 26363 26374 26404 26416 26420 26436 26437 26449 26458 26473 26474 26488 26495 26512 26513 26518 26531 26570 26579 26610 26661 26733 26809 
	}
	buildings_max_level_factor=1.000
        manpower=0
        state_category = town
}
