state={
	id=170
	name="STATE_170"
	provinces={
		72 304 1393 1628 1642 2464 2474 2732 2970 3936 6286 6318 6488 6930 7639 7870 8266 8462 9144 9290 9838 9841 9890 10023 10047 10433 10435 10529 10967 11609 11775 12578 12645 13007 13345 13393 13521 14153 14237 14605 14618 14815 15076 15352 15464 15553 15736 15774 15863 16107 16249 16292 16510 16573 16588 16692 16741 17016 17201 17540 17594 18064 18362 18591 18969 19911 20759 20817 20859 20988 21397 21514 21522 21568 21618 21805 22411 22664 22677 22891 23291 23375 23513 23532 23805 23852 24065 24084 24448 24475 24540 31686 31716 31864 31891 32035 32054 32153 32207 32223 32251 32260 32408 32428 32563 32564 32565 32725 32736 32737 32814 32859 32869 32889 32900 32950 33038 33049 33134 33200 33289 33316 33333 33350 33368 33438 33466 33467 33468 33522 33523 33598 33613 33614 33688 33700 33723 33761 33782 33822 33888 33915 34078 34095 34096 34153 34211 34212 34225 34257 34279 34298 34299 34300 34384 34385 34402 34432 34449 34476 34646 34669 34670 34737 34738 34771 34858 34984 35030 35031 35054 35142 35143 35227 35433 35434 35480 35596 35597 35686 35746 35820 
	}
	buildings_max_level_factor=1.000
        manpower=0
        state_category = town
}
