state={
	id=171
	name="STATE_171"
	provinces={
		756 1286 1957 1993 2419 3395 4339 6472 6666 7675 7837 8171 8268 8376 8571 8810 8922 9244 9670 9878 10033 10272 11375 11686 13606 13923 14008 14111 14125 14239 15588 15612 15948 17109 17164 17281 17285 17375 18568 18688 18773 18795 18847 19025 19556 19815 20362 20483 20497 20987 21284 21738 21913 22102 22604 23385 23498 23679 24290 31542 31700 32183 32326 32349 32417 32486 32571 32589 32700 32746 32840 32910 32978 33015 33139 33162 33163 33175 33205 33304 33326 33337 33443 33444 33494 33508 33509 33620 33621 33675 33692 33744 33795 33851 33878 33879 33943 33980 34021 34069 34102 34203 34217 34218 34230 34231 34248 34318 34356 34408 34441 34454 34469 34484 34526 34574 34589 34609 34635 34651 34776 34805 34881 34915 34916 35045 35079 35167 35278 35439 35458 
	}
	buildings_max_level_factor=1.000
        manpower=0
        state_category = town
}
