state={
	id=172
	name="STATE_172"
	provinces={
		183 1636 2318 2504 4174 4812 4866 6028 6151 6279 6710 6801 7489 7809 8126 8382 8383 8801 8968 10495 10912 11553 11942 13057 13126 13158 13611 14055 14057 14146 14443 14455 14552 14576 14906 15054 15766 15855 15890 16113 16357 16444 16532 16825 17001 17819 18009 18309 18820 19028 19193 19250 19901 20050 20151 20578 20853 21000 21086 21214 21497 21698 21990 22169 22573 22802 23079 23686 24033 24547 24752 24789 32001 32176 32359 32374 32405 32500 32501 32515 32528 32545 32562 32676 32677 32723 32812 32813 32832 32882 32883 32884 32988 33008 33009 33036 33047 33066 33082 33083 33131 33132 33148 33149 33170 33181 33182 33211 33228 33267 33268 33286 33297 33315 33346 33386 33387 33400 33401 33436 33450 33502 33544 33545 33566 33612 33629 33649 33717 33721 33739 33911 33936 34034 34074 34193 34209 34256 34365 34382 34600 
	}
	buildings_max_level_factor=1.000
        manpower=0
        state_category = town
}
