state={
	id=174
	name="STATE_174"
	provinces={
		1729 3063 3469 3632 3715 4015 5446 5828 6169 6308 6362 7038 8001 8050 8166 9294 9848 10008 11849 12071 13600 13629 13961 14219 14602 14808 15831 16158 16651 16914 17012 17133 17181 17486 18787 19237 19422 20060 20081 20192 20208 20590 20857 21307 21647 21676 24317 24851 32416 32435 32451 32452 32553 32570 32588 32648 32681 32682 32727 32780 32799 32800 32895 32909 32926 32958 32976 32977 33028 33054 33055 33073 33074 33090 33138 33253 33336 33357 33378 33458 33459 33507 33532 33605 33606 33659 33660 33705 33706 33768 33833 33834 33895 33942 33979 33994 34046 34119 34120 34247 34287 34375 34391 34501 34525 34607 34675 
	}
	buildings_max_level_factor=1.000
        manpower=0
        state_category = town
}
