state={
	id=178
	name="STATE_178"
	provinces={
		135 165 265 410 542 628 715 1173 1984 2079 2107 2224 2439 2559 2914 3367 3751 4442 4751 4787 4863 4918 6072 6075 6083 6175 6186 6830 6906 7168 7276 7391 7435 7627 8101 8153 8181 8252 8681 8715 9111 9155 10259 10432 10709 10838 10892 10981 11118 11283 11374 12078 12123 12386 12579 12693 12947 13137 13194 13355 13884 13937 14095 14291 14342 14400 14802 14835 14863 14901 15273 15461 15792 16040 16270 16371 16442 16461 16735 16879 17030 17052 17134 17296 17568 17639 17680 17724 18104 18435 18436 18443 18593 18720 18768 18839 18872 19047 19174 19306 19503 19636 19743 20078 20189 20604 20666 20877 21134 21142 21158 21272 21383 21624 22058 22246 22355 22360 22446 22890 22961 23011 23013 23171 23173 23244 23362 23446 23655 24006 24245 24349 24484 24602 24689 24811 24863 24892 32248 32282 32425 32461 32581 32624 32641 32657 32753 32754 32834 32835 32848 32920 32969 33085 33102 33103 33150 33151 33183 33212 33213 33246 33247 33287 33298 33347 33367 33388 33402 33419 33420 33503 33518 33519 33520 33578 33579 33580 33581 33596 33597 33650 33686 33687 33698 33699 33722 33740 33757 33758 33759 33760 33780 33858 33886 33887 33912 33913 33956 33957 33958 33973 33987 34035 34052 34075 34076 34093 34132 34133 34152 34166 34167 34194 34210 34314 34347 34348 34366 34367 34368 34399 34419 34465 34493 34494 34512 34513 34539 34558 34583 34584 34601 34616 34665 34685 34699 34735 34752 34768 34834 34856 34857 34892 34907 34943 34944 34981 34996 35009 35027 35028 35053 35069 35091 35092 35137 35138 35155 35172 35191 35251 35252 35271 35286 35307 35341 35358 35374 35391 35392 35447 35448 35449 35450 35478 35490 35545 35571 35572 35594 35624 35656 35676 35721 35742 35761 35778 35819 35832 35833 35849 35867 35868 35902 35903 35904 35920 35961 35979 35998 35999 36032 36033 36078 36079 36135 36328 36428 36493 36663 
	}
	buildings_max_level_factor=1.000
        manpower=0
        state_category = town
}
