state={
	id=179
	name="STATE_179"
	provinces={
		2252 2818 4720 4754 4931 5487 5657 7986 9391 10883 11054 11888 12038 12614 12960 13679 13920 14106 14161 15261 15624 17477 17514 18061 18131 18446 18972 19474 21082 21591 22027 22185 22666 22799 22971 23145 23248 23660 23759 24523 25006 32645 32646 32743 32798 32875 33111 33112 33204 33252 33274 33293 33390 33456 33473 33490 33529 33530 33558 33584 33619 33656 33657 33728 33729 33849 33921 33922 33940 34044 34138 34139 34177 34260 34302 34354 34389 34423 34588 
	}
	buildings_max_level_factor=1.000
        manpower=0
        state_category = town
}
