state={
	id=183
	name="STATE_183"
	provinces={
		1022 1094 2141 4376 4457 5254 7502 7934 8077 8240 8326 8332 8526 8662 8833 9784 9914 10550 11563 11967 11977 12850 12953 13796 14022 14714 14780 16225 17733 18098 18570 19173 19182 19525 21948 22266 22284 22997 23828 23954 24180 24276 24783 32569 32698 32712 32957 33116 33159 33160 33161 33235 33275 33303 33323 33324 33325 33356 33377 33391 33392 33430 33474 33475 33506 33603 33604 33658 33730 33766 33767 33793 33794 33831 33832 33850 33862 33894 33965 33993 34020 34045 34068 34140 34158 34179 34202 34216 34261 34304 34317 34334 34335 
	}
	buildings_max_level_factor=1.000
        manpower=0
        state_category = town
}
