state={
	id=189
	name="STATE_189"
	provinces={
		826 915 1005 1045 1303 1375 1396 1587 2002 2393 3314 3422 3496 3663 3734 3817 3835 3885 4886 4893 5706 5829 6444 6602 6813 7164 7503 7747 7792 8137 8154 8260 8380 8540 8581 9021 9191 9331 9364 9392 9463 9893 9924 10057 10264 10304 10364 10447 10589 10656 10863 11081 11140 11557 11886 11948 12063 12629 12670 12894 13030 13115 13208 13347 13424 13482 13522 13547 13597 14387 14507 14580 14599 14665 14750 15151 15217 15395 15594 15682 16000 16124 16196 16284 16804 17203 17232 17247 17625 17852 17940 18149 18228 18242 18261 18279 18340 18414 18479 18560 19021 19042 19220 19424 19430 19688 20025 20125 20257 20554 21007 21022 21590 21707 21857 21910 22063 22075 22116 22511 22522 22536 22650 22672 22856 22889 23063 23100 23376 23563 23937 24154 24303 24463 24585 24704 24799 24824 24873 24911 32660 32733 32734 32836 32948 33349 33389 33521 33567 33653 33873 33914 33937 34077 34094 34224 34278 34369 34401 34540 34559 34560 34645 34667 34668 34700 34718 34719 34736 34753 34754 34785 34816 34836 34874 34875 34908 34983 34997 35010 35038 35070 35071 35140 35141 35208 35253 35254 35288 35289 35359 35360 35375 35376 35393 35451 35452 35467 35507 35521 35522 35573 35595 35614 35626 35657 35704 35705 35706 35744 35764 35779 35834 35835 35850 35851 35907 35908 35921 35922 35939 35964 36012 36034 36063 36064 36080 36081 36118 36119 36120 36171 36190 36191 36192 36202 36218 36219 36233 36270 36286 36287 36288 36347 36348 36349 36382 36395 36431 36477 36478 36479 36511 36512 36541 36568 36586 36621 36638 36664 36728 36729 36730 36751 36766 36792 36822 36823 36842 36865 36919 36920 36935 36951 36952 36992 37013 37014 37030 37059 37060 37098 37099 37100 37137 37152 37164 37183 37184 37185 37235 37250 37263 37264 37333 37334 37350 37427 37428 37457 37480 37494 37495 37496 37552 37596 37609 37625 37626 37627 37661 37769 37806 
	}
	buildings_max_level_factor=1.000
        manpower=0
        state_category = town
}
