state={
	id=19
	name="STATE_19"
	provinces={
		45 57 105 177 353 389 492 569 658 745 746 798 846 868 875 878 955 986 1018 1036 1216 1288 1297 1324 1331 1409 1606 1631 1634 1691 1810 1892 1930 1955 2031 2033 2060 2099 2232 2280 2392 2418 2523 2608 2614 2748 2856 2875 2907 2908 2918 3006 3033 3048 3159 3195 3242 3373 3457 3482 3486 3513 3532 3546 3558 3560 3615 3636 3677 3714 4048 4061 4078 4184 4234 4322 4459 4579 4615 4665 4795 4857 4944 5093 5150 5208 5214 5266 5363 5394 5463 5482 5538 5547 5591 5610 5670 5905 5933 6088 6114 6244 6331 6464 6492 6520 6591 6726 6747 6844 7086 7152 7390 7464 7510 7881 8048 8179 8197 8385 8468 8732 8815 9080 9386 9404 9486 9643 9649 9771 10042 10069 10159 10325 10369 10410 10471 10503 10537 10552 10640 10736 11147 11180 11204 11339 11364 11488 11603 11692 11778 11915 12075 12176 12574 12582 12643 12771 13125 13192 13352 13412 13772 14198 14229 14277 14280 14448 14493 14619 14657 14735 15050 15079 15107 15312 15343 15522 15936 16228 16278 16332 16337 16365 16406 16613 17334 17335 17529 17663 17898 17917 18041 18317 18536 18615 18647 18711 19030 19098 19285 19328 19508 19623 19633 19671 19780 19865 20032 20303 20307 20793 21164 21253 21649 21711 21833 21886 21925 21927 21977 22088 22214 22230 22234 22260 22323 22689 22880 23505 23568 23668 23705 24337 24467 24493 25149 25177 25210 25216 25259 25271 25276 25291 25293 25302 25309 25317 25322 25325 25353 25354 25360 25361 25362 25375 25387 25396 25410 25411 25425 25429 25430 25467 25474 25480 25484 25503 25508 25510 25512 25527 25569 25571 25597 25602 25607 25608 25613 25623 25641 25644 25650 25655 25667 25689 25704 25710 25713 25717 25736 25753 25756 25762 25771 25779 25788 25789 25790 25791 25809 25820 25830 25831 25838 25853 25856 25858 25866 25894 25908 25909 25910 25936 25955 25958 25972 26022 26042 26121 26140 
	}
	buildings_max_level_factor=1.000
        manpower=0
        state_category = town
}
