state={
	id=194
	name="STATE_194"
	provinces={
		257 358 434 1125 1294 2472 4085 4127 4222 4448 5356 6036 6174 6215 6776 7843 7885 8295 9473 9740 9986 10359 11269 11385 12208 12343 13556 13724 13851 13900 13904 14987 15311 16056 16131 17014 17267 17357 17704 17813 18325 18848 19006 19567 19577 19834 20074 20287 21015 21047 21135 21292 21609 22186 22506 22704 22708 23049 23801 24200 24208 24362 33042 33057 33140 33217 33277 33358 33431 33445 33569 33661 33676 33707 33708 33745 33852 33925 33926 33995 34022 34180 34262 34263 34319 34336 34357 34485 34549 34575 34619 34620 34636 34677 34704 34725 34746 34747 34758 34824 34825 34863 34882 34965 35017 35080 35081 35101 35102 35116 35177 35178 35236 35259 35297 35314 35421 35440 35535 35536 35857 35988 
	}
	buildings_max_level_factor=1.000
        manpower=0
        state_category = town
}
