state={
	id=195
	name="STATE_195"
	provinces={
		15 287 726 1071 1149 1381 1413 1787 2172 2415 2435 3185 3241 3483 3765 4509 4881 4908 5352 5516 6010 6143 6798 6874 6996 7020 7025 7768 7831 7943 8172 8319 8337 8515 8716 8794 8856 8890 9676 9691 9825 10445 10514 10920 11059 11130 11192 11624 12328 12518 12550 12594 12713 12951 12975 13599 13964 14586 14722 14983 15004 15011 15240 15491 15770 15851 16073 16330 16391 16570 16731 16762 17129 17645 17871 18229 18243 18289 18829 19136 19448 19707 20138 20196 20290 20324 20411 20428 21075 21457 21743 21794 22109 22255 22614 22875 23243 23894 24067 24087 24123 24479 24742 24955 33062 33063 33064 33098 33180 33226 33313 33344 33345 33366 33385 33481 33482 33483 33484 33500 33594 33595 33647 33648 33681 33682 33716 33756 33776 33777 33778 33817 33857 33870 33907 33908 33934 33935 33986 34063 34071 34092 34109 34149 34162 34163 34239 34273 34274 34295 34343 34395 34418 34446 34447 34508 34535 34536 34628 34662 34682 34715 34763 34814 34831 34832 34904 34921 34940 34977 34978 34979 34994 34995 35087 35088 35121 35187 35188 35221 35222 35247 35267 35305 35319 35339 35387 35407 35430 35445 35518 35568 35590 35591 35611 35652 35720 35737 35758 35795 35796 35887 35977 35978 36027 36045 36076 36094 36266 36377 36391 36413 36425 36426 36528 36529 36530 36558 36692 36693 36709 36710 36858 36859 36860 37131 37197 37245 37491 
	}
	buildings_max_level_factor=1.000
        manpower=0
        state_category = town
}
