state={
	id=2
	name="STATE_2"
	provinces={
		62 80 104 117 169 314 387 407 743 822 994 1135 1194 1197 1201 1550 1744 2026 2214 2312 2336 2353 2357 2511 2590 2653 2763 2783 2838 3207 3215 3366 3379 3460 3491 3595 3604 4024 4167 4443 4454 4631 4666 4723 4767 5042 5148 5213 5284 5353 5509 6096 6345 6473 6596 6971 7024 7064 7506 7921 7974 8334 8408 8555 8849 9693 10257 10275 10547 10612 11124 11126 12056 12394 12583 12624 12752 12857 13035 13532 13781 14233 14292 14496 14800 14898 14926 15713 15745 15775 15892 15920 16635 17096 17892 18522 18941 19032 19263 19551 20624 21290 21625 24634 25008 25009 25010 25011 25042 25049 25051 25052 25058 25059 25063 25067 25070 25075 25078 25089 25093 25098 25106 25113 25122 25134 25144 25150 25151 25164 25165 25170 25171 25191 25237 
	}
	buildings_max_level_factor=1.000
        manpower=0
        state_category = town
}
