state={
	id=20
	name="STATE_20"
	provinces={
		12 58 68 133 249 430 632 668 710 839 880 888 989 1077 1118 1145 1150 1354 1435 1451 1522 1620 1698 1735 1740 1749 1986 2008 2047 2071 2104 2173 2219 2229 2344 2390 2491 2548 2626 2755 2756 2806 2857 2877 2906 2960 3217 3255 3428 3481 3564 3828 4005 4045 4051 4089 4141 4149 4257 4302 4434 4479 4512 4547 4716 4730 4804 4821 4834 4853 4890 5047 5080 5097 5168 5428 5429 5486 5503 5526 5529 5720 5740 6117 6324 6493 6661 6690 6736 6793 6907 6916 7037 7174 7233 7248 7442 7445 7546 7556 7603 7616 7632 7691 7823 7912 8039 8203 8209 8212 8299 8343 8345 8387 8471 8535 8631 8633 8713 8911 8966 9024 9141 9366 9367 9562 9579 9738 9747 9854 9891 10013 10168 10297 10642 10851 10980 11172 11425 11455 11471 11781 11810 11841 12055 12083 12163 12242 12461 12733 12819 12827 13282 13292 13437 13520 13572 13577 13607 13616 13701 13786 13887 13893 14145 14216 14278 14353 14422 14739 14836 14943 14976 15106 15135 15342 15512 15545 15608 15776 15817 15937 16268 16342 16636 16722 17184 17393 17461 17494 17559 17634 17648 17711 17804 17857 17919 17983 18167 18264 18379 18523 18834 18916 19014 19106 19262 19268 19312 19374 19493 19555 19576 19772 19888 19903 20203 20439 21055 21091 21468 21550 21576 21662 22078 22325 22473 22597 23287 23943 24032 24106 24132 24134 24247 24459 24625 24855 24967 25234 25246 25254 25272 25277 25278 25286 25296 25320 25333 25369 25371 25404 25409 25415 25431 25432 25441 25468 25511 25518 25524 25528 25542 25551 25556 25577 25586 25599 25609 25612 25625 25633 25647 25668 25674 25693 25723 25734 25744 25747 25775 25780 25781 25793 25796 25798 25813 25824 25832 25839 25861 25862 25865 25869 25870 25871 25874 25881 25882 25911 25915 25929 25937 25938 25965 25967 25968 25973 25974 25977 25978 25992 26007 26012 26015 26016 26028 26029 26030 26043 26054 26083 26098 26099 26104 26105 26108 26109 26118 26144 26185 26194 26196 26202 26282 26312 
	}
	buildings_max_level_factor=1.000
        manpower=0
        state_category = town
}
