state={
	id=200
	name="STATE_200"
	provinces={
		50 324 635 1241 1344 1627 1766 1827 1947 2118 2412 3047 3453 3535 4270 4583 4623 4638 4941 5108 5497 5739 5980 6147 6201 6270 6399 6853 7131 7197 7311 7535 7900 8040 8310 8363 8531 8905 9088 9100 9118 9887 10177 10246 10609 10676 10713 10722 10801 10881 10896 10943 11510 11680 11953 12090 12384 12730 12738 12754 12980 13018 13124 13735 14004 14105 14238 14243 14284 14609 14749 14880 14971 15095 15354 15417 15723 15742 16013 16207 16341 16911 17032 17172 17279 17538 17755 18123 18368 18378 18400 18449 18948 19305 19399 19532 19714 19726 19758 19880 20012 20089 20210 20371 20620 20860 21034 21064 21149 21177 21191 21216 21344 21544 21654 21882 21912 21982 22256 22451 22567 22626 22859 23104 23167 23204 23328 23659 23790 23814 23946 24037 24045 24074 24091 24279 24358 24519 24542 24571 24674 24676 24732 24773 33329 33517 33542 33646 33666 33696 33697 33715 33736 33737 33755 33842 33843 33884 33906 33932 33953 34033 34061 34108 34161 34237 34238 34272 34312 34327 34342 34378 34394 34416 34417 34428 34463 34464 34491 34492 34507 34534 34555 34581 34596 34597 34613 34627 34659 34660 34661 34696 34697 34713 34714 34733 34749 34750 34761 34762 34779 34780 34795 34829 34830 34853 34889 34890 34891 34903 34919 34920 34939 34953 34974 34975 34976 35007 35025 35037 35066 35067 35085 35086 35109 35120 35134 35203 35204 35205 35243 35244 35245 35246 35265 35266 35303 35304 35336 35337 35338 35370 35371 35405 35406 35429 35465 35503 35517 35542 35543 35544 35567 35589 35622 35639 35673 35674 35702 35718 35719 35735 35736 35757 35802 35803 35817 35847 35884 35957 35958 35976 36043 36044 36093 36131 36132 36146 36213 36214 36228 36229 36265 36301 36302 36342 36343 36376 36409 36410 36439 36456 36505 36548 36584 36613 36656 36657 36690 36725 36747 
	}
	buildings_max_level_factor=1.000
        manpower=0
        state_category = town
}
