state={
	id=203
	name="STATE_203"
	provinces={
		2851 2994 4016 4505 5340 6513 7202 7810 8776 9033 9148 9225 10516 10567 13619 13696 13820 13943 14248 14383 15843 16976 17369 21236 21651 22077 22449 22479 22656 22729 23538 23624 24515 33355 33472 33528 33635 33765 33807 33861 33962 33963 34018 34082 34117 34176 34201 34229 34245 34374 34388 34406 34483 34563 34673 34773 34788 34821 34842 34843 34911 35000 35014 35058 35074 35162 
	}
	buildings_max_level_factor=1.000
        manpower=0
        state_category = town
}
