state={
	id=205
	name="STATE_205"
	provinces={
		646 2116 3124 4082 4581 7457 7469 7559 7731 8233 8278 8479 10533 10593 11439 11972 13237 15123 15505 16855 18700 18772 18983 19024 20020 20449 22366 33216 33491 33531 33585 33691 33829 33964 34100 34118 34178 34285 34303 34332 34355 34438 34439 34468 34523 34564 34674 34691 34723 34756 34900 34901 34960 35015 35032 35075 35099 35146 35164 35276 35295 35418 35472 35496 35664 
	}
	buildings_max_level_factor=1.000
        manpower=0
        state_category = town
}
