state={
	id=206
	name="STATE_206"
	provinces={
		585 793 3831 4570 4619 5995 6888 8067 8121 8449 9249 9379 9576 9937 10710 11505 11932 12577 12734 13264 14000 14006 14797 18899 18929 19206 19786 20884 22164 22475 22815 22860 23938 24197 33637 33638 33830 33923 33976 33977 33978 33991 33992 34019 34083 34084 34085 34156 34157 34286 34424 34440 34453 34565 34633 34692 34774 34775 34802 34844 34862 34913 34932 34933 34961 35033 35076 35100 35115 35197 35231 35277 35362 35437 35438 35554 35577 35630 35643 35807 
	}
	buildings_max_level_factor=1.000
        manpower=0
        state_category = town
}
