state={
	id=209
	name="STATE_209"
	provinces={
		233 289 977 1047 1388 2055 3032 3058 4025 4653 4704 4910 4973 5480 5622 5861 6562 6835 7563 8761 8807 9423 9862 10035 10695 10846 10957 11193 11868 12197 12457 12873 13098 13484 13813 14018 14315 14323 14460 14864 14872 14920 14957 15116 15808 15900 17349 17802 18143 18150 18172 18323 18505 18648 18802 18805 19933 20535 21346 21437 21906 21908 21991 22070 22180 22706 22825 23216 23318 23575 23601 23637 24010 24146 24209 24343 24384 24418 24700 24914 33546 33547 33685 33718 33719 33720 33738 33779 33844 33872 33885 33910 33954 33955 33972 34009 34051 34064 34072 34073 34111 34164 34165 34192 34208 34254 34255 34297 34313 34345 34346 34380 34381 34398 34448 34511 34537 34538 34557 34569 34570 34582 34599 34614 34683 34684 34716 34734 34751 34765 34781 34782 34783 34796 34797 34815 34854 34855 34871 34872 34925 34942 34954 34955 35026 35089 35112 35113 35170 35171 35189 35190 35224 35248 35249 35269 35306 35320 35357 35373 35389 35390 35446 35475 35476 35477 35506 35519 35570 35612 35740 
	}
	buildings_max_level_factor=1.000
        manpower=0
        state_category = town
}
