state={
	id=21
	name="STATE_21"
	provinces={
		32 36 38 59 92 93 168 194 284 287 468 495 518 637 670 682 688 744 824 885 901 947 964 1019 1051 1055 1151 1179 1199 1334 1347 1397 1445 1456 1638 1756 1814 1834 1883 1896 1935 1948 1954 1959 1968 2059 2073 2240 2277 2393 2420 2544 2584 2604 2647 2661 2674 2676 2686 2760 2828 2891 2965 2979 3140 3205 3211 3238 3259 3265 3344 3438 3451 3489 3578 3641 3675 3785 3871 3897 3946 3955 3984 4145 4186 4223 4235 4252 4312 4444 4476 4575 4608 4709 4752 4795 4851 4853 4864 4916 4935 4942 4970 5013 5019 5032 5050 5094 5164 5172 5324 5330 5510 5546 5627 5820 5821 5846 5882 5896 6077 6092 6138 6154 6190 6226 6309 6321 6469 6506 6596 6714 6806 6975 7050 7749 7792 7933 8137 8242 8257 8263 8295 8458 8916 9238 9364 9402 9485 9546 9693 9719 9885 9901 10173 10233 10757 11052 11099 11124 11304 11580 11598 11619 11628 11736 11823 12285 12292 12321 12328 12345 12361 12367 12369 12388 12398 12405 12421 12423 12434 12451 12458 12473 12484 12504 12538 12542 12622 12760 12784 12876 12895 12962 12963 13093 13094 13116 
	}
	buildings_max_level_factor=1.000
        manpower=1
        state_category = town
}
