state={
	id=210
	name="STATE_210"
	provinces={
		1138 3973 5314 6248 7512 8018 9219 9235 9556 10357 10604 10767 11710 13578 14082 14413 16954 17175 18187 18543 18624 19300 20194 20354 24399 24857 33741 33763 33790 33806 33827 33892 33920 33939 33959 33960 33974 34017 34080 34116 34175 34214 34244 34301 34352 34373 34404 34405 34422 34437 34467 34519 34520 34521 34671 34743 34744 34755 34801 34820 34878 34930 34959 35125 
	}
	buildings_max_level_factor=1.000
        manpower=0
        state_category = town
}
