state={
	id=211
	name="STATE_211"
	provinces={
		252 642 1203 1204 1325 2490 2780 2943 3598 3721 3733 3893 3994 4937 5255 5477 5693 5840 6329 6388 6468 6469 6867 6909 7194 7272 8022 8061 8190 8235 8669 8772 8879 8947 9055 9082 9173 9803 10123 10153 10210 10641 10898 11069 11174 11229 11975 12010 12033 12039 12237 12316 12345 12356 12379 12395 13246 13260 13434 13601 13645 14257 14909 15006 15904 15921 16067 16236 16287 16417 16508 16637 16747 17171 17722 17768 17801 17822 18617 18627 18883 18973 19170 19330 19341 19447 19492 19569 19637 19879 19991 20005 20099 20357 20602 20617 20697 20740 20758 21233 21631 21682 21768 21831 22190 22435 22724 22727 22833 23087 23627 23952 23965 23984 24444 33783 33847 34065 34213 34226 34242 34420 34477 34478 34497 34514 34541 34561 34562 34571 34602 34617 34739 34798 34837 34838 34859 34876 34893 34928 35011 35055 35122 35144 35174 35175 35192 35209 35210 35211 35255 35308 35309 35323 35324 35342 35343 35377 35411 35453 35468 35469 35491 35508 35523 35546 35574 35598 35599 35615 35616 35627 35641 35687 35688 35722 35765 35821 35870 35889 35890 35923 35941 35942 35981 36013 36035 36065 36099 36121 36151 36152 36172 36173 36203 36234 36257 36258 36271 36289 36350 36396 36432 36442 36495 36496 36513 36514 36569 36587 36599 36622 36623 36639 36665 36731 36732 36733 36752 36753 36780 36781 36809 36936 36953 36993 36994 37078 37079 37115 37153 37154 37251 37302 37303 37304 37335 37351 37431 37458 37459 37662 37682 37839 38047 
	}
	buildings_max_level_factor=1.000
        manpower=0
        state_category = town
}
