state={
	id=213
	name="STATE_213"
	provinces={
		243 1486 1929 2005 2164 2617 2629 2722 2873 3153 3285 3744 3812 3945 4262 4359 4411 4612 5929 6127 6720 7484 7605 8141 8641 8998 9215 9240 10599 10866 10914 11947 12062 12299 12412 13151 13408 13509 14054 15299 15447 15585 15601 15684 16224 16612 16908 17212 17556 18738 19172 19261 19383 19537 20379 20385 20835 20994 21017 21038 21465 21996 22433 22469 22542 22858 23231 23389 23976 24077 24270 24960 34324 34363 34393 34426 34473 34474 34532 34567 34611 34642 34643 34679 34792 34812 34813 34850 34869 34887 34937 34971 34972 34973 34993 35036 35049 35064 35084 35132 35151 35184 35185 35202 35218 35302 35318 35368 35402 35464 35485 35562 35563 35670 35777 35814 35845 35846 35936 35973 36055 36056 36109 36375 36451 36525 36611 36685 36686 36744 36761 36777 36897 36944 37021 37112 37147 37177 37282 37385 37451 37452 37619 37765 37795 37834 37927 38137 38277 38295 
	}
	buildings_max_level_factor=1.000
        manpower=0
        state_category = town
}
