state={
	id=216
	name="STATE_216"
	provinces={
		1323 1491 1618 2388 3565 4907 5021 5278 7075 7721 8133 8210 8873 8898 9051 10261 11298 13274 13694 15436 15780 16586 17005 17748 18293 18425 19835 20047 20822 21617 21904 22390 23458 23750 23912 23951 24234 24468 24712 34452 34522 34789 34879 34898 34899 34912 34931 34948 35001 35002 35043 35059 35098 35163 35294 35311 35312 35348 35349 35383 35397 35455 35483 35495 35532 35628 35642 35663 35692 35784 35837 35875 36018 36019 36122 36175 36176 
	}
	buildings_max_level_factor=1.000
        manpower=0
        state_category = town
}
