state = { 
	id = 218 
	name = "STATE_218" 
	manpower = 371133 
	
	state_category = town 
	buildings_max_level_factor = 2 
	history = { 
		owner = UKR 
		
		buildings = { 
			industrial_complex = 3 
			arms_factory = 2 
			infrastructure = 2 
			air_base = 8 
		}
		
		add_core_of = UKR 
	}
	provinces = { 230 261 292 370 389 531 658 987 1418 1498 1507 1596 1600 1895 1995 2043 2172 2245 2271 2281 2463 2740 2779 2847 2900 3425 3914 4086 4089 4113 4410 4541 4640 4834 4975 4983 5006 5110 5272 5336 5482 5489 5566 5676 5812 6380 6779 7028 7038 7135 7221 7270 7722 7731 7789 8285 8642 8762 8891 9164 9178 9187 9234 9287 9320 9938 10067 10076 10390 10406 10430 10706 10835 10987 11292 11423 14178 14220 14232 14269 14273 14289 14350 14354 14381 14410 14413 14422 14476 14482 14505 14533 14669 14729 14755 14794 14816 14838 14842 14853 14863 14910 18058 18062 }
}
