state={
	id=22
	name="STATE_22"
	provinces={
		16 128 266 464 881 896 921 941 1011 1015 1246 1478 1546 1643 1761 1913 1925 1938 2110 2530 2656 2711 2750 2834 2921 3270 3364 3466 3541 4039 4301 4444 4502 4637 4713 4828 5068 5090 5161 5492 5581 5612 5764 5789 5813 6548 6549 6607 6753 6972 6977 7158 7162 7176 7304 7329 7784 7939 8032 8125 8225 8228 8394 8762 8844 8938 9340 9494 9504 9991 10305 10384 10450 10470 10878 10951 11043 11214 11483 11768 12046 12289 12349 12411 12416 12724 12783 13706 14282 14366 14485 14625 14700 15043 15138 15616 16259 16826 17017 17153 17224 18137 18247 18385 18519 18548 19929 20400 20531 20721 21507 21634 22068 22787 23092 24907 25206 25235 25264 25266 25289 25294 25295 25308 25321 25344 25357 25372 25384 25394 25397 25405 25412 25416 25419 25422 25439 25448 25451 25459 25460 25481 25491 25492 25493 25514 25516 25517 25533 25539 25548 25553 25558 25563 25573 25604 25616 25637 25651 25656 25657 
	}
	buildings_max_level_factor=1.000
        manpower=0
        state_category = town
}
