state={
	id=220
	name="STATE_220"
	provinces={
		331 892 1990 2306 3465 3562 4508 4788 4956 5620 6133 6809 6824 7306 9135 10454 10712 10876 11390 11823 11863 12167 12465 12632 12973 13296 13519 14148 14174 15065 15084 15270 15442 16585 16822 17315 17602 17622 18936 19942 20216 21278 21318 21326 21728 22628 23232 23270 23522 24477 34608 34676 34693 34757 34845 34934 34935 34964 35016 35078 35165 35166 35176 35198 35199 35232 35233 35234 35296 35350 35384 35399 35420 35457 35557 35578 35579 35580 35603 35604 35632 35633 35693 35694 35730 35731 35749 35750 35770 35786 35839 35856 35950 35985 35986 35987 36004 36104 36140 36141 36160 36161 36178 36297 36502 36503 36532 36533 36576 36647 36648 36810 
	}
	buildings_max_level_factor=1.000
        manpower=0
        state_category = town
}
