state={
	id=221
	name="STATE_221"
	provinces={
		255 395 491 669 808 1024 1365 1418 1460 1525 1668 1737 2205 2800 3431 3786 4077 4445 4513 4622 4688 4763 5280 5300 5365 5373 5513 5578 5628 5943 6056 6379 6421 6709 6737 6925 6986 7082 7084 7111 7170 7251 7389 7623 7652 7698 7910 7985 8364 8501 8513 8582 8676 8988 9362 9378 10231 10393 10578 10618 10773 10831 11029 11094 11108 11135 11148 11178 11288 11361 11368 11527 11645 11647 11689 12152 12375 12399 12674 12950 13089 13241 13324 13436 14197 14546 14816 14924 14944 15033 15194 15244 15523 15847 15950 16009 16082 16085 16361 16724 17102 17356 17358 17440 17489 17560 17566 18049 18330 18474 18512 18574 18644 18748 19072 19464 19529 19579 19599 19761 19814 19824 20133 20159 20491 20512 20527 20923 20978 21090 21671 21753 21947 22085 22374 22504 22595 22797 22816 22823 22969 23053 23264 23316 23347 23602 23714 23834 23910 24079 24115 24373 24382 24529 24612 34615 34717 34766 34767 34833 34873 34905 34906 34926 35008 35052 35068 35090 35136 35207 35225 35250 35270 35285 35321 35408 35409 35431 35432 35466 35488 35489 35520 35593 35613 35623 35640 35654 35655 35675 35685 35703 35739 35741 35797 35804 35818 35830 35831 35848 35863 35864 35865 35866 35938 35960 35997 36009 36010 36011 36030 36031 36061 36077 36096 36097 36114 36115 36149 36150 36170 36186 36216 36232 36255 36268 36282 36303 36304 36325 36326 36327 36346 36367 36378 36414 36427 36459 36475 36476 36490 36491 36492 36507 36508 36509 36550 36562 36616 36617 36635 36636 36661 36662 36674 36675 36676 36695 36726 36748 36749 36764 36789 36790 36805 36820 36821 36862 36881 36882 36899 36917 36931 36949 36970 36971 36988 36989 36990 37010 37040 37055 37056 37075 37097 37114 37134 37135 37201 37232 37247 37259 37260 37261 37285 37318 37348 37349 37367 37368 37392 37410 37441 37442 37455 37476 37509 37510 37535 37567 37583 37607 37641 37659 37700 37717 37732 37749 37799 37872 37931 37932 37993 38010 38026 38092 38237 38299 
	}
	buildings_max_level_factor=1.000
        manpower=0
        state_category = town
}
