state={
	id=222
	name="STATE_222"
	provinces={
		680 1179 2003 2432 2543 2682 3477 3802 4362 4456 4538 4655 4993 5051 5317 5830 6076 7192 7693 8575 8894 8953 9677 9735 9918 10127 10139 10211 10311 10835 11311 11448 11923 12053 12158 12178 12203 12426 12912 13068 13197 13768 13793 13815 14144 14487 14506 14648 14996 15099 15115 15465 15861 15876 15971 16950 16986 17350 17584 19598 19622 19682 19971 20042 20401 21172 21327 21381 21657 21780 21914 21979 22220 22864 23109 23381 23605 24306 24345 24436 24590 24786 24977 25002 34506 34680 34793 34851 34888 35005 35107 35133 35153 35169 35186 35219 35261 35262 35263 35369 35386 35403 35428 35515 35541 35565 35672 35699 35717 35734 35793 35801 35882 35883 35900 35994 36008 36057 36143 36144 36168 36252 36321 36340 36341 36454 36473 36487 36526 36527 36583 36594 36595 36633 36634 36655 36687 36688 36724 36787 36876 36928 36965 36966 36967 37022 37023 37049 37127 37212 37231 37344 37363 37406 37422 37470 37527 37528 37529 37580 37594 37636 37655 37695 37714 37928 37929 37988 38053 38054 38105 38377 38400 38437 38471 38496 38516 38531 38568 38693 38740 38741 38809 38989 
	}
	buildings_max_level_factor=1.000
        manpower=0
        state_category = town
}
