state={
	id=225
	name="STATE_225"
	provinces={
		182 545 2178 5689 6825 6827 7061 7239 7661 9461 9522 10235 10458 10608 11134 12341 12625 13603 13875 14149 14331 14508 15587 15695 15716 16504 16592 16687 16801 17535 17764 18091 18452 18704 20356 20929 21608 22000 22580 23040 23052 24910 34745 34841 34896 35040 35041 35057 35097 35114 35160 35196 35230 35256 35275 35293 35345 35346 35417 35436 35482 35509 35510 35528 35553 35602 35660 35661 35680 35681 35767 35782 35894 35925 36017 36039 36048 36155 36156 36157 36294 36307 36443 36444 36464 36572 36625 36825 
	}
	buildings_max_level_factor=1.000
        manpower=0
        state_category = town
}
