state={
	id=228
	name="STATE_228"
	provinces={
		718 2341 2847 3179 3321 5471 6521 7449 8026 9254 10014 11577 12807 14314 14318 16064 16163 16294 16934 17298 17565 18655 19874 20154 20471 20598 20738 20843 21451 21663 22079 23181 23258 24266 24652 35042 35161 35361 35454 35529 35576 35926 36138 36195 36236 36237 36274 36357 36358 36387 36419 36445 36498 36499 36573 36603 36604 36643 36644 36677 36718 36771 36772 36845 36887 36904 36956 36974 37033 37044 37106 37157 37186 37237 37268 37322 37517 37587 37667 
	}
	buildings_max_level_factor=1.000
        manpower=0
        state_category = town
}
