state={
	id=23
	name="STATE_23"
	provinces={
		17 18 60 171 334 372 437 466 473 543 676 764 782 816 854 857 1062 1120 1155 1163 1174 1220 1266 1278 1291 1298 1316 1359 1386 1428 1539 1600 1621 1797 1843 1872 1998 2082 2106 2215 2276 2311 2342 2373 2453 2458 2555 2589 2607 2664 2716 2782 2815 2949 2997 3054 3075 3125 3163 3193 3310 3424 3426 3472 3545 3705 3725 3772 3810 3822 3830 3847 3907 3909 4069 4084 4096 4118 4154 4155 4342 4351 4374 4466 4518 4667 4793 4802 4824 4895 4896 4899 5036 5072 5131 5246 5249 5378 5427 5440 5586 5668 5726 5754 5784 5857 5885 5906 5920 5932 5944 5952 5959 5998 6063 6068 6087 6142 6311 6321 6337 6338 6386 6414 6485 6582 6611 6620 6707 6723 6766 6855 6898 6899 7043 7046 7066 7195 7270 7294 7327 7349 7364 7476 7480 7490 7519 7628 7651 7656 7668 7727 7743 7776 7824 7834 7868 7988 7989 8149 8312 8375 8381 8411 8431 8455 8476 8491 8545 8563 8648 8697 8748 8779 8882 8893 8896 8987 8992 9008 9013 9255 9343 9417 9578 9614 9687 9701 9778 9785 9814 9977 10021 10064 10157 10175 10197 10218 10339 10419 10488 10540 10557 10934 10940 11046 11098 11177 11179 11218 11337 11426 11462 11556 11617 11681 11806 11860 11940 12095 12133 12256 12266 12359 12558 12648 12714 12817 12832 12905 12924 12933 13046 13153 13217 13307 13425 13495 13615 13680 13782 14064 14180 14192 14255 14268 14575 14783 14787 15117 15121 15141 15155 15265 15370 15390 15428 15561 15590 15614 15717 15722 15884 15901 16116 16121 16146 16246 16290 16313 16658 16885 16894 17087 17492 17609 17660 17894 17973 18059 18077 18163 18260 18280 18295 18404 18426 18490 18494 18586 18588 18632 18646 18721 18819 19122 19185 19210 19255 19282 19393 19410 19627 19782 19813 19870 20266 20310 20729 20892 21025 21193 21302 21583 21745 21779 21897 21963 22053 22179 22204 22303 22396 22441 22519 22745 22998 23033 23123 23126 23263 23293 23377 23588 23684 23685 23944 24461 24637 25336 25380 25413 25426 25428 25446 25455 25462 25482 25483 25497 25519 25520 25531 25536 25547 25549 25554 25574 25575 25576 25579 25587 25614 25620 25624 25627 25631 25642 25645 25652 25659 25660 25663 25676 25679 25685 25687 25690 25707 25722 25724 25727 25728 25731 25733 25738 25739 25743 25757 25758 25759 25763 25772 25773 25786 25795 25797 25801 25806 25808 25834 25843 25848 25849 25860 25868 25880 25885 25887 25889 25897 25898 25906 25913 25916 25918 25924 25928 25932 25933 25934 25946 25947 25950 25951 25952 25954 26000 26009 26010 26013 26014 26017 26024 26025 26035 26038 26039 26046 26049 26065 26068 26073 26074 26079 26085 26086 26087 26088 26114 26115 26116 26126 26134 26139 26151 26153 26154 26155 26166 26172 26173 26180 26181 26182 26186 26197 26205 26213 26221 26222 26227 26250 26251 26257 26258 26265 26269 26270 26280 26307 26315 26322 26353 26354 26364 26365 26369 26370 26413 26431 26432 26453 26467 26483 26497 26544 26582 26597 26604 
	}
	buildings_max_level_factor=1.000
        manpower=0
        state_category = town
}
