state={
	id=230
	name="STATE_230"
	provinces={
		193 212 1472 2487 2554 2660 2904 2959 3427 3692 3807 5147 5270 5445 5525 6685 6715 7396 7764 8136 9030 9216 9505 10948 10996 11662 11695 12388 12424 12537 12636 12725 13205 13309 13428 13617 13687 14023 14113 14247 14358 15683 15726 15976 16077 16459 16467 16763 16786 16813 17080 17275 17502 17541 17576 17664 18097 18439 18611 18680 18917 19763 19771 20665 20682 20984 21208 21209 21224 21227 21539 21811 22036 22069 22613 22908 23510 23645 23992 24212 24365 24434 24513 24615 24678 35220 35264 35284 35404 35486 35516 35566 35638 35651 35700 35701 35794 35815 35816 35901 35956 35975 35995 36026 36058 36075 36092 36145 36212 36300 36322 36424 36455 36474 36596 36689 36707 36778 36877 37025 37026 37051 37074 37194 37195 37214 37244 37314 37364 37387 37407 37506 37532 37563 37620 37677 37730 37817 37869 37889 37890 37989 38024 38055 38106 38107 38127 38190 38217 38257 38279 38361 38378 38401 38438 38474 38475 38548 38569 38582 38583 38584 38644 38668 38669 38694 38723 38756 38865 38896 38928 38951 39091 39173 39174 39263 39345 39461 39462 39502 39588 
	}
	buildings_max_level_factor=1.000
        manpower=0
        state_category = town
}
