state={
	id=231
	name="STATE_231"
	provinces={
		553 795 1170 1317 1815 4097 5958 6077 6230 6406 6781 7692 8583 8948 9298 10751 11655 11754 11791 14340 17329 18227 19957 21255 22406 22992 23739 23844 35152 35242 35427 35514 35564 35586 35587 35588 35650 35671 35716 35756 35792 35859 35899 35937 35974 36024 36025 36074 36129 36130 36167 36185 36251 36279 36299 36320 36339 36423 36452 36453 36486 36538 36706 36762 36834 36875 37005 37092 37343 
	}
	buildings_max_level_factor=1.000
        manpower=0
        state_category = town
}
