state={
	id=234
	name="STATE_234"
	provinces={
		2109 2696 4107 4330 4694 7060 8373 8560 9810 11372 11382 11383 11800 12206 12498 12536 13591 13797 14297 14308 15364 16053 16415 17200 18520 19302 19798 20263 20338 20361 21584 22530 22545 23112 23267 23583 24120 24166 24885 35235 35258 35279 35280 35351 35581 35621 35634 35666 35710 35787 35798 35840 35966 36020 36072 36105 36123 36207 36208 36241 36242 36277 36363 36371 36372 36388 36534 36535 36627 36649 36681 36702 36829 36870 36908 37018 37108 
	}
	buildings_max_level_factor=1.000
        manpower=0
        state_category = town
}
