state={
	id=235
	name="STATE_235"
	provinces={
		125 216 1110 1210 1510 1608 1700 1903 2319 2486 2870 3176 3531 3680 3879 3954 4292 4335 4354 4883 5333 5450 5664 5672 5680 5955 7039 7230 7461 7611 7828 8193 8420 9092 9263 9621 9956 10111 10216 10592 10610 10670 11012 11189 11400 11442 12059 12079 12681 12745 13066 13396 13422 13506 14118 14188 14260 14549 15119 15457 15735 15760 15913 16052 16366 16463 16653 16829 17130 17243 17481 17549 17604 17856 17995 18020 18105 18355 18495 18814 19041 19089 19164 19203 19296 19794 19827 19891 19931 20015 20250 20442 20556 21049 21391 21490 21611 21729 21860 21873 22125 22776 22982 22986 23068 23980 24169 24227 24231 24649 24741 24946 35322 35479 35625 35677 35743 35762 35763 35805 35869 35888 35905 35906 35962 35963 35980 36047 36062 36117 36136 36187 36188 36189 36217 36284 36285 36305 36329 36381 36394 36430 36460 36461 36494 36540 36566 36567 36585 36597 36598 36619 36620 36637 36696 36697 36715 36716 36727 36791 36807 36808 36841 36864 36883 36918 36934 37012 37029 37041 37057 37058 37136 37182 37202 37220 37248 37249 37300 37301 37332 37370 37394 37412 37426 37456 37478 37479 37513 37551 37569 37644 37734 37750 37767 37768 37804 37805 37855 37856 37894 37934 38028 38045 38060 38061 38095 38096 38111 38143 38194 38210 38221 38238 38264 38265 38325 38365 38382 38383 38443 38444 38462 38463 38522 38554 38555 38590 38591 38623 38624 38625 38626 38649 38698 38714 38729 38744 38745 38761 38777 38778 38779 38813 38852 38853 38930 
	}
	buildings_max_level_factor=1.000
        manpower=0
        state_category = town
}
