state={
	id=236
	name="STATE_236"
	provinces={
		796 1038 1994 2048 2514 2941 3103 5728 8485 8729 12909 13337 13370 13853 14721 14788 15063 15798 16619 16697 17861 18017 18394 18933 18940 19141 19315 19982 21477 21512 23652 23682 24378 24941 35637 35843 36021 36247 36435 36553 36703 36723 36740 36798 36851 36873 36895 37020 37036 37047 37071 37123 37143 37144 37191 37230 37241 37278 37279 37404 37405 37675 37761 37815 37944 38038 
	}
	buildings_max_level_factor=1.000
        manpower=0
        state_category = town
}
