state={
	id=238
	name="STATE_238"
	provinces={
		19 124 143 166 345 397 403 594 832 1004 1141 1577 1713 1738 1842 1933 1936 2006 2014 2166 2289 2368 2461 2492 3003 3070 3145 3402 3523 3561 3633 3875 3912 4529 4542 4840 5130 5199 5413 5520 5548 5665 5697 5919 6231 6682 6688 6706 6922 6985 6987 7138 7446 7514 7580 7819 7976 8056 8298 8444 8445 8475 8509 8534 8547 8578 9159 9287 9645 9754 9760 9782 9906 10039 10140 10411 10565 10632 10762 10997 11034 11084 11196 11231 11235 11314 11403 11417 11497 11564 11568 11670 11720 11805 11994 12196 12425 12600 12665 12764 12834 13029 13162 13369 13440 13568 13624 13761 13871 13930 14179 14781 15105 15153 15236 15386 15392 15947 15997 16081 16160 16281 16377 16451 16682 16723 16795 17049 17086 17238 17321 17362 17376 17562 17569 17640 17721 17765 18015 18024 18129 18441 18530 18677 18756 18838 18934 18980 19059 19235 19275 19324 19494 19495 19524 19538 19594 19641 19679 19776 19916 19975 20291 20429 20495 20797 21005 21054 21162 21693 21722 21774 21997 22032 22086 22155 22176 22219 22367 22432 22690 22714 22951 22967 23211 23299 23374 23438 23499 23708 23710 23716 23722 23913 24167 24206 24391 24566 24667 24807 24882 24917 24928 24980 35513 35648 35668 35669 35696 35752 35753 35774 35775 35799 35811 35813 35827 35828 35858 35917 35918 35919 35933 35934 35953 35971 35992 35993 36006 36007 36022 36023 36053 36054 36089 36090 36108 36126 36127 36184 36199 36210 36211 36248 36264 36278 36315 36316 36317 36318 36337 36338 36365 36373 36389 36408 36421 36436 36437 36471 36472 36482 36483 36484 36485 36504 36524 36536 36537 36554 36555 36580 36581 36593 36609 36630 36631 36632 36652 36653 36654 36673 36704 36705 36741 36742 36758 36759 36775 36776 36799 36800 36801 36815 36833 36852 36853 36854 36855 36856 36874 36896 36914 36915 36927 36943 36964 36979 36980 36981 36982 37004 37037 37048 37072 37073 37090 37091 37110 37111 37124 37125 37145 37146 37160 37173 37174 37175 37176 37192 37193 37209 37210 37211 37242 37243 37254 37280 37294 37295 37311 37312 37339 37340 37341 37342 37360 37361 37362 37382 37383 37384 37419 37420 37421 37436 37437 37438 37439 37450 37468 37487 37504 37524 37525 37546 37547 37561 37562 37601 37602 37603 37604 37605 37616 37617 37634 37635 37691 37692 37693 37713 37729 37745 37762 37780 37781 37791 37792 37793 37816 37832 37833 37866 37867 37887 37911 37912 37925 37926 37945 37946 37987 38005 38006 38022 38023 38039 38051 38070 38072 38103 38104 38136 38172 38186 38187 38233 38235 38275 38276 38294 38315 38316 38641 
	}
	buildings_max_level_factor=1.000
        manpower=0
        state_category = town
}
