state={
	id=24
	name="STATE_24"
	provinces={
		5 8 87 108 142 185 393 416 428 540 564 603 607 609 666 689 765 886 922 965 1056 1063 1084 1115 1166 1279 1304 1351 1356 1417 1474 1632 1662 1669 1690 1784 1854 1946 1989 1999 2034 2100 2128 2185 2209 2242 2255 2265 2271 2335 2406 2408 2454 2470 2540 2541 2546 2552 2587 2604 2624 2649 2674 2733 2757 2776 2837 2860 2888 2892 2942 2946 2964 2966 2985 3011 3013 3084 3114 3127 3151 3156 3157 3175 3181 3183 3190 3206 3284 3297 3320 3530 3573 3701 3703 3761 3773 3776 3863 3987 4004 4006 4040 4054 4057 4059 4111 4120 4131 4193 4273 4408 4504 4595 4627 4696 4721 4729 4741 4765 4827 4836 4884 4892 4929 4982 5024 5084 5091 5109 5178 5259 5341 5456 5468 5618 5695 5701 5711 5765 5770 5801 5805 5824 5880 5904 5915 5961 6125 6145 6152 6155 6281 6294 6303 6416 6429 6438 6508 6560 6563 6566 6628 6785 6814 6974 7147 7165 7220 7229 7244 7360 7460 7482 7568 7622 7688 7745 7781 7866 7895 7963 8027 8086 8107 8146 8151 8155 8158 8316 8317 8372 8400 8454 8465 8708 8866 8870 8876 8906 8926 8990 9014 9020 9067 9073 9108 9160 9193 9218 9222 9228 9267 9270 9304 9317 9422 9495 9512 9569 9589 9659 9913 9969 10102 10110 10255 10281 10299 10424 10777 10974 11169 11233 11291 11348 11399 11414 11420 11430 11575 11576 11638 11644 11661 11673 11684 11713 11722 11851 11910 11964 11989 12041 12042 12142 12156 12280 12281 12383 12438 12470 12507 12548 12549 12557 12604 12767 12918 12935 12982 13081 13090 13159 13202 13230 13262 13405 13416 13462 13858 13872 13913 14031 14259 14271 14295 14298 14300 14411 14423 14523 14689 14745 14779 14873 14967 15020 15060 15110 15183 15202 15210 15228 15239 15247 15254 15263 15291 15367 15396 15407 15427 15452 15586 15664 15696 15751 15772 15786 16088 16135 16139 16319 16322 16349 16420 16462 16540 16623 16703 16803 16860 16959 16982 17169 17183 17204 17210 17372 17410 17595 17665 17719 17774 17775 17800 17816 17851 17887 18054 18070 18118 18259 18356 18388 18492 18497 18550 18602 18667 18668 18670 18707 18716 18843 18903 18943 19099 19142 19278 19372 19397 19432 19441 19445 19595 19613 19659 19896 19938 20030 20049 20146 20187 20321 20417 20462 20561 20595 20683 20698 20796 20818 20838 21059 21201 21447 21460 21464 21520 21537 21541 21559 21664 21696 21732 21760 21784 21950 21951 22080 22130 22189 22342 22345 22346 22352 22363 22489 22570 22694 22853 22924 22940 23006 23037 23086 23180 23455 23491 23562 23579 23593 23725 23735 23985 24096 24103 24119 24239 24328 24354 24397 24398 24539 24616 24878 24938 25245 25261 25282 25290 25338 25347 25348 25385 25389 25390 25407 25449 25456 25461 25464 25465 25501 25507 25523 25532 25535 25537 25555 25564 25567 25568 25581 25585 25592 25595 25606 25610 25615 25618 25621 25628 25629 25639 25646 25653 25662 25664 25666 25671 25672 25688 25691 25698 25708 25709 25718 25735 25768 25770 25777 25778 25783 25802 25819 25821 25822 25827 25829 25837 25844 25845 25846 25850 25851 25852 25864 25886 25888 25892 25899 25900 25904 25914 25917 25925 25935 25944 25964 25970 25971 25985 25991 25995 26001 26002 26003 26004 26011 26018 26021 26026 26034 26040 26047 26050 26056 26066 26069 26080 26089 26124 26127 26128 26147 26156 26170 26174 26176 26191 26192 26193 26198 26228 26231 26232 26233 26245 26263 26266 26276 26288 26308 26309 26310 26323 26324 26329 26330 26331 26342 26355 26356 26361 26377 26385 26395 26409 26410 26411 26423 26426 26427 26428 26441 26448 26463 26490 26491 26498 26507 26508 26545 26550 26561 26562 26563 26568 26569 26583 26595 26607 26612 26613 26619 26620 26624 26625 26641 26649 26654 26669 26673 26675 26689 26701 26729 26749 26769 26777 26796 26867 26877 26892 26893 26919 26971 26972 27037 27098 27114 
	}
	buildings_max_level_factor=1.000
        manpower=0
        state_category = town
}
