state={
	id=240
	name="STATE_240"
	provinces={
		1651 1746 1792 3034 6514 8749 9697 9748 10144 10651 11206 12026 12290 16416 16602 16681 16861 17653 17805 18067 19113 19548 20255 20780 21232 21508 22455 23132 23198 23893 24408 24832 35629 35838 35896 35927 35949 35983 35984 36049 36139 36158 36222 36223 36239 36260 36296 36362 36420 36446 36501 36520 36543 36544 36545 36589 36645 36646 36700 36719 36720 36735 36826 36847 37017 37119 37206 
	}
	buildings_max_level_factor=1.000
        manpower=0
        state_category = town
}
