state={
	id=241
	name="STATE_241"
	provinces={
		414 576 1350 1543 1614 2033 2340 2479 2969 2977 3468 3756 3779 3808 4221 4286 4816 5166 5242 5338 5733 5872 6064 6088 6148 6317 6624 6723 6861 7452 7462 7624 7653 7675 7751 8080 8177 8416 8441 8548 9215 9772 10012 10558 10868 10927 10975 11232 11301 11464 11566 11862 14483 14596 14602 14707 14712 14714 14756 14775 14832 14860 14894 14915 14943 14956 15016
	}
	history= {
		owner = UKR
		add_core_of = UKR
		buildings = {
			infrastructure = 3
			industrial_complex = 3
			arms_factory = 2
		}
	}
	buildings_max_level_factor=2.000
	manpower=450000 
	state_category=rural
}