state={
	id=243
	name="STATE_243"
	provinces={
		244 268 1267 2480 3080 4114 4219 5167 6477 7011 7290 8306 8366 8516 8650 9058 9525 9655 10350 11359 11408 11794 12022 12051 12402 12597 12815 12883 13026 14010 14013 14858 14918 15014 15131 15146 15933 15942 16264 16608 16957 17300 17367 17368 18119 18206 18510 19258 19465 19528 19545 19590 19820 19898 20652 20655 20713 21411 21501 22418 22427 22647 22673 22925 23190 23463 23648 23727 24243 24458 24713 24726 24737 24887 24909 35913 35930 36179 36180 36225 36309 36333 36434 36448 36465 36577 36606 36738 36755 36812 36827 36828 36891 36907 36976 37001 37045 37068 37069 37226 37238 37275 37357 37377 37378 37400 37401 37402 37418 37502 37518 37519 37543 37558 37559 37577 37578 37579 37592 37593 37687 37688 37710 37725 37726 37744 37863 37864 37883 37884 37906 37942 38050 38068 38084 38085 38216 38248 38350 38397 38428 38541 38562 38613 38614 38719 38789 38893 38967 
	}
	buildings_max_level_factor=1.000
        manpower=0
        state_category = town
}
