state={
	id=244
	name="STATE_244"
	provinces={
		130 1469 1473 2382 2787 3212 3265 4073 4240 4259 4731 5143 5806 5839 6284 6979 7458 7773 7908 8359 8819 8863 9095 9137 9823 10417 10875 11089 11248 11418 11822 11840 11939 12301 12429 12623 12785 13667 13918 13925 14509 14713 14907 15031 15269 15476 15694 16179 16288 16492 16538 16667 16709 16715 17099 17104 17781 17966 18085 18139 18148 18313 18390 18566 18818 18907 19062 19138 19326 19454 19547 19662 19691 19762 19887 20299 20469 20485 20681 21043 21110 21266 21304 21338 21840 22031 22218 22277 22630 22945 23319 23400 23610 23956 24044 24064 24223 24423 24454 24592 24607 24790 35885 35886 35959 36059 36060 36110 36111 36112 36230 36280 36390 36411 36412 36457 36539 36614 36691 36708 36746 36779 36788 36802 36817 36836 36837 36857 36878 36879 36916 36929 36968 36984 37007 37027 37052 37093 37094 37129 37130 37150 37161 37162 37179 37180 37196 37215 37256 37257 37283 37315 37329 37330 37346 37347 37365 37366 37388 37408 37453 37472 37489 37490 37507 37508 37533 37564 37606 37637 37658 37678 37679 37697 37698 37747 37766 37782 37796 37818 37819 37836 37870 37871 37930 37949 37950 37951 37967 38008 38043 38056 38075 38090 38153 38154 38191 38236 38258 38296 38319 38337 38338 38379 38415 38416 38439 38440 38460 38476 38477 38517 38585 38600 38645 38711 38724 38742 38867 38868 38886 38899 38991 39026 39042 39110 39143 39177 39199 39200 39235 39379 39400 39537 39659 39783 39835 39956 40002 
	}
	buildings_max_level_factor=1.000
        manpower=0
        state_category = town
}
