state={
	id=245
	name="STATE_245"
	provinces={
		1339 1508 1730 2120 6561 6866 6871 7308 7372 7594 8127 8637 9436 9456 10070 11212 11881 12758 13353 13969 14743 15382 16172 16654 16835 17026 17855 20350 20423 20802 21725 22981 23968 24176 24253 24518 24865 35928 35929 36003 36070 36103 36159 36177 36261 36276 36331 36370 36401 36531 36546 36574 36575 36669 36679 36680 36721 36736 36848 36889 36939 36958 36999 37000 37084 37141 37169 37187 37188 37336 37613 
	}
	buildings_max_level_factor=1.000
        manpower=0
        state_category = town
}
