state={
	id=251
	name="STATE_251"
	provinces={
		123 286 1131 1372 1776 2861 3061 3264 3577 3779 4209 4332 4675 5045 6644 6648 6758 7172 7606 7754 8095 8653 8659 9300 10292 10821 10932 11026 11103 11244 11637 12270 12458 12649 14102 14154 14343 14540 14598 14620 14912 15046 15092 15496 15535 15819 15895 16275 16355 16507 16736 16749 16837 16841 17179 17450 17510 17675 17772 18069 18082 18195 18396 18496 18650 18860 18862 18867 18950 19031 19084 19387 20065 20181 20327 20720 20743 20791 20833 20937 21093 21675 21815 21853 22067 22361 22373 22602 22740 23412 23490 23667 23673 23741 23958 23967 24464 24573 24699 24959 36098 36116 36256 36269 36283 36379 36380 36393 36415 36429 36510 36563 36564 36565 36618 36713 36714 36750 36765 36806 36839 36840 36863 36900 36901 36932 36933 36950 36972 36991 37011 37028 37076 37077 37181 37219 37234 37262 37319 37320 37369 37393 37425 37443 37477 37511 37512 37568 37584 37608 37624 37660 37718 37802 37803 37821 37822 37893 37917 37933 37955 37971 37972 37995 38012 38013 38027 38076 38094 38142 38156 38157 38177 38263 38322 38323 38324 38343 38364 38403 38461 38481 38553 38589 38604 38605 38648 38686 38713 38728 38760 38836 38851 38871 38929 38995 39009 39010 39029 39093 39094 39128 39161 39204 39285 39367 39384 39385 39433 39525 39592 39593 39617 39640 39685 39716 39755 39814 39910 39943 40070 40247 
	}
	buildings_max_level_factor=1.000
        manpower=0
        state_category = town
}
