state={
	id=252
	name="STATE_252"
	provinces={
		1075 3192 4900 5035 5105 5175 5448 5692 7598 7720 8390 9550 9758 10164 10827 11993 12340 12812 13191 13409 13949 15557 15602 16501 16919 17067 17674 17820 18462 18989 19513 19642 21030 22494 23403 23768 23997 24486 24734 24961 36196 36197 36238 36259 36308 36360 36361 36369 36399 36400 36500 36518 36519 36605 36626 36667 36668 36678 36773 36783 36846 36938 36957 36998 37016 37065 37066 37067 37168 37271 37290 37309 37355 37482 37483 37500 37575 37743 37826 37845 37901 38228 
	}
	buildings_max_level_factor=1.000
        manpower=0
        state_category = town
}
