state={
	id=254
	name="STATE_254"
	provinces={
		52 723 1519 1733 1935 2236 2369 3180 3351 4208 4286 4303 4888 5049 5069 5881 6228 6384 6465 7822 9027 9087 9237 10950 11581 11685 12552 13019 13107 13488 13741 13830 13963 14322 15649 15799 16859 16932 17346 17445 17487 17505 18894 18955 19058 19110 19520 19657 19987 20315 21206 21455 21829 21891 22110 22305 22832 23065 23675 24053 24232 24958 36701 36737 36811 36849 36869 36905 36906 36925 36959 36975 37085 37086 37142 37189 37225 37274 37291 37310 37337 37356 37376 37398 37399 37417 37463 37464 37484 37485 37486 37557 37590 37591 37614 37632 37649 37686 37709 37724 37775 37776 37789 37813 37828 37829 37862 37881 37882 37905 37941 37983 37984 38018 38067 38122 38150 38183 38203 38215 38229 38230 38247 38271 38308 38333 38348 38349 38371 38507 38561 38659 38660 
	}
	buildings_max_level_factor=1.000
        manpower=0
        state_category = town
}
