state={
	id=255
	name="STATE_255"
	provinces={
		2545 2663 3441 3794 3878 4593 4614 5078 5364 5366 5658 6032 6134 6680 6740 6926 7548 7608 7649 7856 8305 8492 8542 8600 8972 9557 9900 10897 11305 11391 11518 11979 12822 13889 13957 14365 14577 14695 15340 15922 15941 16568 17040 17520 17605 17845 17869 18063 18198 18408 18878 18908 20126 20463 20609 21166 21534 21775 21790 21931 22822 23183 23223 23611 23643 23793 23817 23831 23887 23890 23998 24755 36561 36818 36819 36948 36969 36987 37009 37039 37095 37096 37133 37199 37200 37218 37246 37284 37299 37389 37390 37391 37409 37440 37493 37549 37550 37565 37566 37640 37680 37681 37699 37715 37716 37731 37798 37853 37854 37892 37916 37953 37991 37992 38009 38025 38044 38059 38108 38139 38155 38209 38262 38281 38298 38340 38363 38418 38478 38498 38535 38551 38588 38601 38682 38812 38833 38849 38869 38992 39006 39159 39252 39266 39300 39366 39382 39481 
	}
	buildings_max_level_factor=1.000
        manpower=0
        state_category = town
}
