state={
	id=257
	name="STATE_257"
	provinces={
		900 993 4044 4211 4384 5359 9242 10406 10480 11198 11696 13092 14686 15320 16863 17345 17707 22712 23172 24204 24538 36497 36601 36602 36770 36796 36923 36924 36955 36997 37064 37082 37104 37105 37236 37267 37374 37556 37598 37629 37666 37753 37754 37842 37877 37978 37979 38001 38015 38032 38080 38147 38181 38243 38328 38394 38450 38501 38525 38609 38630 38631 
	}
	buildings_max_level_factor=1.000
        manpower=0
        state_category = town
}
