state={
	id=259
	name="STATE_259"
	provinces={
		552 913 1583 1709 2938 3049 3091 3687 4493 5001 5176 5327 5462 7132 7205 7534 7576 7676 7710 8913 9203 9315 9989 10310 11129 11142 11992 12138 12191 13179 13314 13764 13799 14129 14311 14505 14538 14925 14955 15398 15489 15504 15759 16320 16379 17216 17257 18008 18207 18728 19005 19132 19489 19727 21026 21065 21279 21364 21895 21932 22056 22097 22641 23228 23271 23305 23550 24246 24472 24858 36612 36745 36816 36835 36898 36945 36983 37006 37024 37050 37128 37148 37149 37178 37213 37255 37297 37298 37313 37345 37386 37423 37424 37471 37488 37505 37530 37531 37581 37582 37656 37657 37676 37696 37746 37835 37852 37868 37888 38041 38042 38073 38074 38126 38174 38189 38206 38207 38256 38278 38317 38318 38336 38414 38459 38472 38473 38532 38547 38581 38599 38620 38642 38643 38667 38754 38755 38772 38773 38774 38864 38912 38926 38927 39023 39024 39055 39089 39107 39108 39139 39140 39171 39172 39219 39234 39298 39321 39444 39587 39678 39735 39832 39833 39924 39955 40001 40067 40082 
	}
	buildings_max_level_factor=1.000
        manpower=0
        state_category = town
}
