state={
	id=260
	name="STATE_260"
	provinces={
		267 1255 2659 2736 3293 4179 4421 4514 4650 4733 4913 5268 5457 5798 5938 6258 6280 6546 6586 7033 7187 7257 7700 7861 7962 8035 8323 9350 9438 9797 9979 10269 10501 10626 11481 12560 12831 13281 13808 14228 14592 14623 14767 15829 15949 16011 16230 16329 16506 16606 17004 17354 17574 17784 19348 19496 19709 20206 20803 21440 21600 21785 22839 23090 23442 23536 23810 23848 24254 24439 36795 36937 37063 37081 37101 37155 37222 37223 37306 37353 37373 37396 37444 37445 37446 37539 37555 37611 37646 37647 37663 37685 37703 37771 37786 37807 37808 37824 37840 37841 37895 37896 37937 37959 37960 37975 37998 37999 38030 38048 38114 38115 38130 38131 38146 38163 38197 38198 38199 38200 38227 38287 38326 38344 38389 38390 38422 38465 38488 38499 38500 38523 38537 38573 38595 38607 38655 38699 38731 38784 38818 38819 38876 38877 38916 38959 38976 39051 39150 39151 39184 39208 39333 39371 39487 39576 39689 39759 39822 39853 39972 
	}
	buildings_max_level_factor=1.000
        manpower=0
        state_category = town
}
