state={
	id=262
	name="STATE_262"
	provinces={
		497 1193 2046 2270 2803 2829 2922 2996 3111 3407 3890 4029 4455 4817 5017 5200 5436 5489 5614 5898 6141 6198 6760 6772 6959 7317 7517 8567 9180 9388 9896 10439 10687 10764 10885 10893 11115 11287 11679 11701 11893 12389 12542 13255 13516 13563 13672 14370 14664 14840 14848 14936 15112 15178 15668 15724 15779 15899 15954 16952 17408 17557 17767 17926 18176 18213 18298 18663 18714 18719 19153 19358 19359 19491 19721 19885 19897 19954 20096 20386 20662 21021 21367 21434 21843 21953 22141 22298 22331 22752 22906 22959 23212 23440 23481 23530 23731 24035 24050 24085 24211 24249 24505 24823 24965 36930 37008 37053 37151 37163 37216 37217 37316 37473 37474 37475 37534 37621 37622 37638 37748 37783 37784 37797 37820 37891 37913 37914 37915 37952 37968 37969 37990 38057 38058 38091 38128 38138 38192 38208 38218 38259 38260 38280 38297 38402 38417 38441 38497 38550 38570 38586 38587 38646 38647 38680 38681 38695 38712 38743 38757 38758 38796 38831 38832 38848 38900 38913 38972 39027 39092 39111 39178 39179 39220 39236 39264 39282 39299 39348 39365 39380 39381 39401 39402 39403 39413 39430 39445 39478 39521 39522 39523 39553 39589 39613 39660 39661 39681 39682 39683 39704 39784 39836 39847 39848 39849 40085 
	}
	buildings_max_level_factor=1.000
        manpower=0
        state_category = town
}
