state={
	id=265
	name="STATE_265"
	provinces={
		225 825 1310 1490 5451 6409 6418 8145 8386 8885 9047 10867 11475 11752 12793 13306 13618 14534 15878 15928 16317 16356 16572 16710 16740 16787 17391 17687 18231 18660 19064 19207 19485 19905 20091 23441 24048 24283 24598 24603 37207 37253 37272 37501 37669 37670 37707 37723 37827 37846 37847 37879 37880 37903 37939 37940 37980 37981 38034 38066 38081 38118 38119 38148 38245 38246 38289 38395 38407 38452 38453 38576 38633 38634 38787 38804 38821 38822 38962 38963 39312 
	}
	buildings_max_level_factor=1.000
        manpower=0
        state_category = town
}
