state={
	id=266
	name="STATE_266"
	provinces={
		25 281 547 1102 1424 2496 2576 2650 3244 3454 3859 3975 4037 4171 4452 4472 4552 5114 5411 5851 5883 6601 6615 6818 7119 7543 7682 7931 8108 8191 8271 8601 8630 8632 8674 9179 9320 9406 9729 10483 11100 11558 11847 12658 12686 13231 13261 13505 13819 13907 13981 14116 14164 14432 14451 14463 14480 14627 14656 14727 14833 14903 15251 15391 15866 16049 16055 16130 16574 16699 16775 17126 17547 17670 17841 18100 18254 18391 18518 18614 18727 18779 18824 18897 18932 19127 19458 19511 19539 19589 19742 20276 20716 20725 21269 21309 21670 21673 21837 22061 22212 22728 22886 23005 23050 23275 23309 23639 23885 23942 24490 24715 37233 37286 37411 37536 37595 37642 37643 37733 37800 37801 37873 37954 37970 37994 38011 38093 38109 38110 38140 38141 38176 38193 38219 38220 38283 38300 38301 38321 38342 38480 38521 38552 38602 38603 38671 38697 38726 38727 38835 38870 38887 38953 38974 39007 39008 39028 39059 39112 39126 39127 39160 39202 39203 39223 39237 39253 39325 39349 39383 39415 39432 39447 39464 39465 39483 39539 39554 39555 39574 39616 39638 39639 39664 39665 39666 39812 39813 39874 39890 39909 39926 39927 39941 39942 39985 39986 40006 40036 40050 40069 40088 40108 40145 40146 40159 40182 40205 40216 40234 40246 40262 40311 40312 40313 40327 40356 40417 40427 40444 40474 40502 40530 40563 40585 40639 40640 40677 40776 40790 40801 40819 40908 40923 40955 40969 41107 41183 41192 41305 41319 41350 41414 41415 41431 41445 41540 41555 
	}
	buildings_max_level_factor=1.000
        manpower=0
        state_category = town
}
