state={
	id=267
	name="STATE_267"
	provinces={
		1051 1164 1287 1295 2693 2859 4417 4818 5132 5553 6684 6708 6968 7560 9102 9408 11085 11983 12025 12479 12723 12746 13267 13400 14302 14444 14528 14632 14998 15869 16211 16781 17518 17608 17636 18101 18401 19502 19526 19634 20516 20852 21280 21396 22275 22847 23449 23706 24282 24291 24665 24784 25001 37138 37288 37481 37554 37571 37610 37628 37684 37740 37741 37860 37936 37974 38014 38064 38113 38145 38162 38213 38225 38226 38285 38286 38305 38406 38447 38448 38486 38487 38652 38653 38654 38717 38783 38817 38855 38997 39031 39050 39100 39131 39148 39149 39183 39254 39269 39270 39331 39332 39351 39370 39420 39486 39508 39542 39623 39669 39688 39723 39724 39742 39774 39875 39931 40012 40055 40169 
	}
	buildings_max_level_factor=1.000
        manpower=0
        state_category = town
}
