state={
	id=268
	name="STATE_268"
	provinces={
		195 531 1767 2239 4867 5708 7031 7633 8909 9546 11186 11663 11865 12032 12696 14058 14916 15572 15963 17859 18007 18161 18238 18605 19257 19327 19705 19716 19876 20087 20795 20972 21277 22165 22874 22936 23051 23904 24043 24582 24763 24939 37416 37576 37589 37708 37757 37788 37848 37904 37982 38082 38083 38120 38149 38270 38290 38307 38331 38332 38408 38426 38427 38506 38540 38611 38658 38748 38768 38891 38904 38919 38920 38921 39082 39189 39211 39245 39373 
	}
	buildings_max_level_factor=1.000
        manpower=0
        state_category = town
}
