state={
	id=269
	name="STATE_269"
	provinces={
		328 834 1192 4081 4813 4815 4940 5704 6109 6149 7191 7527 7797 9316 9393 9657 10193 10797 11071 12013 12410 13038 13720 15088 16439 17088 17258 17482 17842 18124 18173 19343 20186 20766 20845 21283 21672 21798 22120 24288 24591 24710 24768 37526 37618 37694 37763 37764 37794 37851 37947 37948 38007 38040 38089 38173 38188 38255 38376 38413 38457 38458 38515 38545 38546 38738 38739 38771 38829 38830 38847 38910 38911 38925 39005 39022 39039 39087 39088 39218 39232 39250 39279 39362 39363 39411 39550 39585 39653 39734 39751 39752 39769 39883 39904 39980 40019 40045 40155 40200 40229 40379 40559 40573 
	}
	buildings_max_level_factor=1.000
        manpower=0
        state_category = town
}
