state={
	id=270
	name="STATE_270"
	provinces={
		840 988 1774 1940 1981 2273 2468 3245 3247 3266 3311 3450 3858 3873 4325 4438 4564 4806 5598 5734 7009 7420 7508 7827 8138 8702 8737 8793 9516 9919 10420 10650 10689 11083 11848 12255 12293 12378 12419 12452 12551 12908 13050 13178 13411 13593 13755 14029 14374 14571 15376 15434 15448 15599 15999 16633 16743 16788 16824 16955 17262 17294 17401 17406 17428 17580 17714 17941 18679 18949 19167 19175 19226 19440 19656 20177 20302 20703 21004 21124 21263 21418 21627 21635 21674 21871 21905 22081 22242 22274 22388 22512 23820 23889 24100 24340 24478 24611 24683 24747 24962 37203 37287 37371 37413 37429 37514 37537 37553 37570 37585 37735 37751 37770 37857 37874 37919 37957 37958 37997 38063 38077 38078 38079 38112 38179 38180 38212 38224 38239 38240 38268 38284 38303 38367 38385 38386 38405 38446 38464 38483 38484 38485 38557 38572 38594 38628 38629 38650 38672 38673 38715 38730 38747 38799 38815 38816 38838 38872 38873 38902 38975 39030 39044 39045 39046 39061 39099 39117 39118 39130 39181 39182 39224 39225 39306 39329 39369 39404 39419 39450 39467 39485 39507 39540 39559 39560 39599 39619 39620 39642 39668 39719 39720 39721 39756 39772 39787 39788 39893 39894 39895 39911 39930 40053 40054 40110 40165 40166 40282 40283 40298 40315 40407 40420 40515 40605 40832 40992 41009 41098 41126 41143 41235 41287 41297 
	}
	buildings_max_level_factor=1.000
        manpower=0
        state_category = town
}
