state={
	id=276
	name="STATE_276"
	provinces={
		1082 3470 3720 6256 7562 8005 9982 12414 12500 12678 13079 13183 14544 15154 15757 16460 17441 17471 17916 19200 20689 21706 22174 23207 23274 23738 24729 37704 37752 37787 37898 37961 37977 38031 38116 38132 38202 38242 38327 38393 38524 38559 38560 38574 38575 38608 38733 38785 38801 38856 38879 38880 38937 38960 39014 39032 39062 39120 39185 39255 39271 39291 39307 39389 39468 39469 39544 39644 39800 
	}
	buildings_max_level_factor=1.000
        manpower=0
        state_category = town
}
