state={
	id=278
	name="STATE_278"
	provinces={
		337 610 736 818 828 1021 1180 1285 1383 1596 1639 1652 1764 1860 2098 2114 2746 2969 3140 3234 3846 3888 4112 4157 4253 4923 5385 5414 5894 5950 6344 6422 6474 6530 6605 6731 6792 7318 7426 7536 7654 7785 7993 8262 8457 8504 8595 8689 8743 8774 8962 9059 9200 9435 9953 9980 10400 10834 11262 11550 11600 11616 11643 12061 12147 12150 12216 12241 12449 12468 12756 13010 13051 13128 13175 13300 13444 13576 13660 14150 14222 14368 14440 14445 14450 14562 14616 14765 14798 15431 15720 15762 15986 16433 16509 16557 16605 16670 16721 16970 17075 17110 17438 17542 17706 18057 18216 18239 18346 18608 18803 18840 19271 19411 19515 19581 19823 19845 19895 19910 20097 20261 20436 21041 21573 21604 21623 21669 21710 21746 21822 22042 22227 22228 22309 22415 22462 22755 22876 23020 23308 23621 23765 23798 23900 24217 24329 24411 24453 24511 24524 24604 24691 24798 24806 24829 37728 37850 37865 37886 37910 37986 38020 38021 38052 38071 38152 38171 38234 38252 38253 38254 38274 38293 38314 38360 38374 38375 38410 38411 38412 38434 38435 38494 38495 38513 38514 38530 38567 38578 38579 38598 38618 38639 38640 38666 38679 38691 38692 38708 38737 38752 38753 38769 38770 38827 38828 38845 38846 38861 38862 38863 38909 38923 38924 38948 38949 38986 38987 38988 39004 39021 39037 39038 39054 39076 39077 39078 39086 39138 39156 39157 39169 39215 39216 39217 39231 39248 39249 39262 39277 39278 39297 39319 39320 39341 39342 39359 39360 39361 39398 39410 39426 39442 39458 39459 39475 39497 39498 39499 39500 39534 39535 39549 39572 39584 39607 39608 39630 39631 39632 39633 39700 39733 39765 39766 39767 39768 39794 39866 39936 39953 39954 39966 40044 40080 40101 40123 40143 40175 40241 40260 40402 40470 40497 40525 40597 40635 40674 40757 
	}
	buildings_max_level_factor=1.000
        manpower=0
        state_category = town
}
