state={
	id=282
	name="STATE_282"
	provinces={
		5193 5437 5867 6897 7860 7871 8213 8950 9120 10882 11811 12460 12934 13336 13502 14855 15319 15411 15822 17829 18447 19683 20002 20010 21123 21207 21235 21259 21393 22239 22436 22633 22946 22963 23846 23853 37650 37885 37962 38002 38167 38168 38184 38334 38351 38372 38429 38430 38528 38529 38563 38707 38749 38750 38790 38842 38860 38905 38906 38907 38968 38981 39068 39069 39070 39134 39135 39194 39213 39228 39247 39257 39294 39314 39315 39316 39396 39407 39423 39440 39493 39515 39546 39582 39629 39671 39696 39708 39709 39827 39828 39829 39844 39902 39949 39950 40016 40060 40193 
	}
	buildings_max_level_factor=1.000
        manpower=0
        state_category = town
}
