state={
	id=283
	name="STATE_283"
	provinces={
		432 493 1817 1889 2053 2081 2466 3042 3346 4229 4245 4254 4297 4621 4671 5110 6326 6526 7419 7723 8378 8981 9182 9232 9310 10126 10528 11795 11871 13992 14138 14736 15139 15515 16611 16945 17553 17613 17641 18731 18811 19836 19912 20018 20950 21137 21148 21445 21454 21553 21804 23436 24265 24272 37920 37976 38201 38345 38368 38538 38558 38674 38700 38732 38764 38820 38878 38935 38936 38977 39132 39152 39209 39226 39290 39334 39352 39406 39436 39437 39509 39527 39543 39577 39624 39670 39743 39760 39761 39762 39789 39841 39896 39897 39912 39932 39973 39991 40056 40073 40170 40219 40220 40238 40348 40349 40449 40481 40589 40868 
	}
	buildings_max_level_factor=1.000
        manpower=0
        state_category = town
}
