state={
	id=284
	name="STATE_284"
	provinces={
		147 1221 1723 1970 2734 2953 3894 4313 4577 4996 5295 5896 6129 6180 6757 7402 7465 7531 8160 8232 8416 8452 8494 8652 8910 9167 9196 9773 10185 10602 10617 10741 10813 10844 10931 11167 11274 11347 12066 12351 12565 12599 13140 13456 13806 14731 15182 15418 15635 15665 15681 15801 15905 16897 16931 17474 17496 17512 18305 18427 18485 18696 18774 18915 19085 19473 19483 19649 19733 19735 19775 19838 19902 20370 20517 20625 20635 21200 21505 21801 22281 22296 22461 22618 23922 23940 24122 24147 24820 38125 38170 38204 38205 38312 38313 38358 38359 38373 38398 38455 38456 38470 38512 38544 38577 38597 38678 38690 38720 38721 38826 38894 38895 38945 38946 38947 38984 38985 39003 39074 39075 39137 39155 39197 39198 39275 39276 39377 39425 39456 39457 39518 39583 39676 39699 39711 39764 39779 39831 39845 39863 39864 39865 39881 39882 39920 39921 39952 39979 39998 40017 40032 40043 40079 40174 40198 40290 40304 40322 40336 40337 40352 40376 40377 40437 40438 40542 40557 40582 40596 40633 40658 40686 40687 40688 40771 40772 40838 40862 40863 40965 40973 41083 41103 41225 41239 
	}
	buildings_max_level_factor=1.000
        manpower=0
        state_category = town
}
