state={
	id=286
	name="STATE_286"
	provinces={
		1825 1839 2010 2366 2935 3404 3696 6371 6693 9445 9545 9931 10085 11194 12210 12566 13906 14639 15070 15597 15797 16175 16346 17278 17667 17840 17878 18428 21983 22794 22915 23333 23337 38016 38288 38306 38467 38489 38504 38539 38596 38657 38704 38767 38786 38940 38941 38961 38998 39034 39103 39122 39133 39163 39210 39273 39309 39310 39392 39489 39528 39562 39646 39692 39706 39856 39876 39994 40026 40136 40223 40224 40372 40465 40508 40518 40580 
	}
	buildings_max_level_factor=1.000
        manpower=0
        state_category = town
}
