state={
	id=287
	name="STATE_287"
	provinces={
		425 1335 1666 2725 2852 3166 3476 4186 4492 5181 5674 6568 6846 9573 12127 12205 12895 13483 14100 16339 16457 17069 17374 17689 17744 18358 18758 19843 19935 20629 20637 20646 20691 20982 21286 22300 22692 22900 23456 24684 24935 38087 38353 38432 38509 38542 38564 38615 38616 38736 38751 38805 38884 38885 38908 39002 39018 39019 39036 39123 39165 39166 39195 39258 39259 39317 39356 39357 39374 39408 39424 39494 39516 39532 39533 39568 39672 39673 39697 39710 39729 39730 39860 39964 39976 40029 40030 40075 
	}
	buildings_max_level_factor=1.000
        manpower=0
        state_category = town
}
