state={
	id=288
	name="STATE_288"
	provinces={
		224 611 837 1429 1505 2058 3592 3700 3806 4070 4143 4803 4831 5128 5469 5589 5683 6126 6555 6570 6941 7681 7761 8654 8804 9282 9703 9847 10244 10735 10903 11780 11792 12311 12322 12646 12702 12976 13097 13588 13594 13610 13855 14196 14449 14621 14927 15047 16304 16552 17028 18087 18093 18747 19801 20365 20444 20782 21228 21580 21817 22201 22304 22348 22412 22417 22857 23156 23970 24363 24491 24642 24812 24973 38282 38320 38341 38380 38381 38479 38518 38519 38520 38536 38571 38670 38683 38684 38685 38725 38759 38834 38850 38993 38994 39146 39201 39222 39284 39301 39302 39324 39414 39431 39446 39482 39538 39590 39591 39615 39715 39736 39770 39798 39811 39873 39888 39889 40005 40035 40068 40107 40204 40215 40233 40279 40310 40355 40384 40385 40460 40473 40513 40514 40529 40623 40662 40693 40717 40763 40789 40800 40852 40941 40954 41044 41072 41073 41168 41182 41204 41205 41218 41294 41304 41335 41336 41337 41349 41364 41413 41444 41475 41603 
	}
	buildings_max_level_factor=1.000
        manpower=0
        state_category = town
}
