state={
	id=289
	name="STATE_289"
	provinces={
		1108 2436 2528 3403 4640 4897 5127 5987 6172 6542 7911 9477 10375 10403 10822 11344 12749 12824 12833 13950 14647 14963 15583 16609 16865 19190 19822 20110 20279 21879 21942 22054 22087 22258 22393 23107 23772 24647 24720 24764 38399 38436 38580 38619 38722 38950 38970 39040 39124 39233 39343 39460 39519 39609 39634 39654 39677 39701 39780 39795 39806 39807 39867 39884 39885 39937 39999 40020 40176 40177 40201 40276 40291 40306 40354 40390 40457 40543 40598 40617 40636 40703 40704 40758 40773 40774 40902 
	}
	buildings_max_level_factor=1.000
        manpower=0
        state_category = town
}
