state={
	id=290
	name="STATE_290"
	provinces={
		957 1023 1100 1547 1912 1992 2683 2812 3800 4034 6009 6622 6716 6721 6854 7463 8694 8862 9262 9441 10109 10871 10992 11122 11546 11649 11650 11659 12002 12657 12952 13048 13085 13111 13648 13886 14242 14344 15010 16325 16594 17976 17987 18233 18271 18310 19510 19563 20095 20969 21778 22428 22608 23133 23698 23891 24367 24395 24849 38175 38261 38339 38362 38442 38533 38534 38622 38696 38775 38776 38811 38901 38914 38952 38973 39057 39058 39144 39145 39158 39221 39265 39283 39323 39463 39479 39480 39505 39662 39663 39684 39705 39837 39838 39850 39851 39872 39908 39925 39940 40004 40024 40087 40127 40144 40157 40158 40214 40245 40308 40309 40326 40383 40394 40426 40442 40443 40546 40584 40601 40676 40692 40762 40880 40888 40906 40907 40991 41015 41059 41086 41137 41138 41191 41293 41411 41412 41539 
	}
	buildings_max_level_factor=1.000
        manpower=0
        state_category = town
}
