state={
	id=291
	name="STATE_291"
	provinces={
		210 368 655 660 1208 1531 1845 2007 2029 2108 2479 2568 2990 3014 3117 3152 3273 3697 3850 3876 4170 4315 4469 5386 5473 5582 6059 6136 6333 6528 6873 7567 7841 7952 8075 8837 9257 9544 9774 10779 11003 11595 11652 11835 11875 11895 12199 12692 12938 13229 13279 13809 13832 14117 14263 14533 14866 15498 16033 16109 16587 16607 16944 16991 17015 17090 17414 17824 17913 18000 18060 18397 18673 19074 19307 19457 19487 20007 20066 20794 21095 21975 22001 22578 23471 23774 23812 23989 24584 24609 24923 38304 38606 38651 38763 38781 38782 38800 38839 38874 38875 38903 38958 39047 39048 39049 39119 39147 39207 39268 39289 39330 39350 39388 39405 39541 39561 39621 39622 39643 39722 39740 39741 39757 39758 39773 39799 39821 39852 39944 39945 39961 39971 40009 40010 40011 40039 40040 40072 40092 40111 40112 40167 40168 40186 40218 40235 40236 40251 40252 40284 40299 40316 40317 40345 40346 40347 40370 40408 40409 40430 40479 40480 40490 40504 40549 40566 40587 40628 40642 40653 40654 40679 40741 40742 40743 40765 40778 40805 40806 40833 40857 40867 40893 40927 40957 40979 41010 41011 41017 41031 41063 41076 41087 41127 41145 41170 41236 41257 41322 41400 41489 41654 
	}
	buildings_max_level_factor=1.000
        manpower=0
        state_category = town
}
