state={
	id=292
	name="STATE_292"
	provinces={
		1848 2018 2968 3405 4630 4947 5031 5552 7184 8707 9532 9619 10206 10362 10404 10477 10870 11677 12212 14171 14418 15257 15821 15875 16832 16972 17120 17146 17177 17192 17532 17698 18389 18920 19451 19614 20139 20220 20858 21019 21057 21103 21484 21883 22195 22766 22878 23995 24153 24210 24338 24556 24964 38549 38621 38709 38710 38795 38810 38866 38897 38898 38990 39025 39041 39056 39090 39109 39141 39142 39175 39176 39281 39322 39347 39364 39378 39412 39429 39503 39504 39520 39551 39611 39612 39635 39636 39656 39657 39679 39680 39713 39796 39808 39809 39886 39938 40021 40022 40048 40083 40084 40125 40203 40232 40382 40403 40415 40439 40440 40501 40526 40561 
	}
	buildings_max_level_factor=1.000
        manpower=0
        state_category = town
}
