state={
	id=293
	name="STATE_293"
	provinces={
		240 482 1518 2965 3928 3959 4275 4697 5054 5195 5966 6066 6140 6655 8644 8820 9221 10090 10202 10457 11761 12737 13524 14543 15078 15309 15317 15444 15984 16071 17413 17922 18032 18169 18269 18347 18376 18705 18974 19067 19150 19349 19366 19800 20421 20658 21718 21739 21789 21968 23158 23384 23975 24184 38396 38490 38612 38635 38661 38662 38706 38718 38735 38788 38823 38841 38859 38883 38892 38942 38943 38965 38966 38980 39001 39016 39017 39035 39053 39063 39064 39065 39066 39067 39083 39084 39104 39154 39190 39191 39192 39193 39212 39246 39313 39353 39354 39355 39395 39439 39491 39492 39512 39513 39514 39531 39566 39567 39581 39605 39627 39651 39695 39707 39727 39778 39878 39963 
	}
	buildings_max_level_factor=1.000
        manpower=0
        state_category = town
}
