state={
	id=3
	name="STATE_3"
	provinces={
		39 111 217 276 402 409 489 517 556 776 783 817 1158 1212 1247 1348 1563 1567 1588 1801 1830 1876 2282 2503 2634 2677 2765 2883 3202 3281 3500 3764 3895 3997 4080 4405 4427 4528 4605 4823 4876 4921 5009 5027 5145 5312 5402 5570 5852 5986 6001 6030 6065 6094 6144 6332 6339 6531 6665 6761 6808 7032 7134 7180 7677 7778 7969 8033 8169 8204 8597 8738 9064 9230 9479 9502 9718 9855 9909 10341 10397 10700 10890 10924 11674 11715 12034 12093 12327 12606 13036 13195 13413 13596 13951 14015 14139 14326 14341 14612 14708 14716 14922 14949 14966 15032 15057 15062 15157 15507 15513 15652 15860 15918 16018 16097 16208 16465 16567 17220 17627 18178 18863 18986 19244 19423 20264 20387 21020 21048 21782 21880 21961 22382 22486 22894 23116 23556 23692 23775 23780 24076 24320 24588 25012 25062 25101 25108 25115 25116 25161 25181 25190 25198 25209 25218 25223 25233 25242 25251 25257 25287 25304 25305 25314 25326 25330 25343 25351 25355 25358 25368 25382 25392 25399 25414 25420 25436 25452 25475 25485 25494 25496 25534 25540 25546 25561 25589 25591 25594 25605 25630 25658 25670 25675 25695 25697 25730 25737 25794 25826 25884 
	}
	buildings_max_level_factor=1.000
        manpower=0
        state_category = town
}
