state={
	id=301
	name="STATE_301"
	provinces={
		679 755 1437 1459 2632 2752 2878 3240 3904 4068 4115 4403 4737 4871 4945 5059 5123 5667 6011 6091 7687 7699 9197 9468 9548 9626 10226 11487 11521 11537 11626 12347 12392 12510 12757 12779 12853 12963 13109 13366 13499 14067 14073 14305 14953 15331 15469 16058 16261 16283 16497 16584 17136 17324 17435 17693 17763 18076 18299 18327 18445 18484 19076 19181 19618 20082 20224 20256 20828 20864 20924 21373 21496 21841 21929 22096 22941 23054 23229 23273 23325 23923 23926 24297 24442 24714 24875 38888 38931 38932 38954 39060 39095 39205 39238 39239 39286 39287 39386 39416 39434 39448 39449 39556 39594 39595 39596 39618 39717 39815 39839 39891 39968 39987 39988 40051 40128 40147 40160 40248 40249 40280 40295 40314 40328 40357 40395 40418 40475 40476 40477 40531 40564 40586 40602 40641 40663 40708 40718 40719 40740 40791 40802 40803 40804 40820 40881 40889 40924 40977 41007 41028 41074 41096 41119 41120 41121 41122 41139 41140 41141 41206 41234 41271 41295 41320 41376 41377 41465 41510 
	}
	buildings_max_level_factor=1.000
        manpower=0
        state_category = town
}
