state={
	id=302
	name="STATE_302"
	provinces={
		238 731 1039 1983 2281 3353 3716 4483 4611 4809 5424 6078 6755 8010 9202 9253 9705 10594 10963 12086 12768 13498 13689 13717 14016 14389 14852 15221 15249 15378 15406 15672 16087 16486 16634 16676 16729 17107 17628 17728 17956 18002 18023 18478 18514 18791 19323 19596 19681 20231 22245 22652 22734 22933 24129 24300 24739 24978 38971 39106 39125 39170 39280 39344 39399 39443 39501 39586 39610 39702 39703 39753 39781 39846 39868 39922 39923 39981 40065 40066 40103 40156 40178 40230 40243 40244 40277 40307 40323 40363 40364 40380 40391 40423 40498 40544 40545 40618 40637 40648 40659 40675 40723 40724 40746 40759 40760 40775 40798 40850 40864 40903 40904 40987 41038 41052 41053 41054 41115 41180 41186 41187 41317 41407 41471 41519 41520 41629 41737 41948 42009 
	}
	buildings_max_level_factor=1.000
        manpower=0
        state_category = town
}
