state={
	id=303
	name="STATE_303"
	provinces={
		694 1244 1342 1828 1982 3674 4677 5235 5380 5629 6042 7211 8367 9949 10142 11292 11787 12428 13358 13496 13762 13962 15039 15953 17270 17320 17515 18957 19442 20868 21705 21716 22422 22581 22826 23018 23534 24138 24386 24469 24839 39251 39346 39427 39428 39476 39573 39655 39712 39754 39782 39834 39905 39982 39983 40046 40047 40124 40179 40202 40211 40292 40365 40381 40500 40649 40650 40713 40788 40851 40937 41040 41188 41241 
	}
	buildings_max_level_factor=1.000
        manpower=0
        state_category = town
}
