state={
	id=307
	name="STATE_307"
	provinces={
		975 976 1176 1403 2502 6200 7589 7928 9790 10161 10462 11528 11634 12515 13211 13995 14112 14406 14491 14537 15111 16074 16615 16891 16960 17006 17059 17223 17366 17378 18043 18294 18515 18712 18775 18777 19337 19512 19914 20289 20304 20461 20627 22464 22477 22643 22772 23122 23596 23994 24504 39628 39728 39792 39802 39879 40098 40150 40191 40270 40351 40374 40453 40540 40611 40683 40814 40896 40950 41049 41050 41091 41132 41164 41200 41210 41247 41301 41439 41491 41505 41571 41625 41784 41819 41879 41910 41921 41933 41999 42037 42038 42039 42159 42160 42176 42338 
	}
	buildings_max_level_factor=1.000
        manpower=0
        state_category = town
}
