state={
	id=308
	name="STATE_308"
	provinces={
		121 1123 1497 1549 2210 2251 3204 3361 3986 4933 5053 5443 5518 5542 5886 5893 5895 5989 6366 6540 6656 6771 6954 7428 7662 7811 8327 8871 8895 9243 9344 9590 10028 10036 10329 10344 10377 11133 11580 12257 12904 13275 13433 13662 13945 14502 15493 15739 16296 16405 16689 17116 17425 17581 17589 17655 18407 18683 18735 19420 19861 19980 21826 22326 22402 22523 22594 22954 24001 24743 39477 39536 39552 39637 39658 39714 39797 39810 39869 39887 39967 39984 40033 40104 40105 40106 40278 40324 40340 40366 40392 40404 40424 40441 40471 40511 40583 40600 40619 40727 40737 40738 40817 40831 40842 40878 40887 40920 40938 41026 41042 41043 41056 41070 41105 41158 41159 41166 41189 41217 41253 41268 41280 41333 41373 41374 41397 41456 41472 41485 41509 41524 41525 41537 41564 41600 41612 41647 41662 41663 41695 41716 41762 41771 41788 41807 41808 41809 41838 41839 41858 41874 41914 41915 41939 41980 41990 41991 42001 42043 42079 42093 42234 
	}
	buildings_max_level_factor=1.000
        manpower=0
        state_category = town
}
