state={
	id=309
	name="STATE_309"
	provinces={
		155 215 546 574 1049 1116 1185 1377 1910 2117 3172 3452 3492 4133 4218 4441 4658 4691 4762 5037 5833 5949 6541 6599 6689 6811 7342 7388 7759 7903 8080 8264 8293 8350 8432 8568 8723 8797 8883 9022 9275 9293 9452 9765 9787 9842 10278 10287 10381 10508 10588 10725 11182 11723 11763 11980 12072 12228 12739 13015 13356 13362 13435 13636 13841 13970 14651 14849 14946 15022 15212 15574 15750 16008 16174 16248 16271 16598 16620 16833 17490 17550 17612 17899 17938 18186 18292 18316 18349 18489 18785 18832 18945 18976 19180 19386 19759 19850 19939 20273 20886 21375 21655 21697 21836 21967 22012 22052 22575 22636 22722 22747 23154 23210 23239 23445 23558 23862 23873 24093 24248 24372 24499 24933 39600 39645 39744 39775 39854 39913 39914 39962 40057 40093 40114 40187 40207 40253 40254 40285 40286 40300 40301 40371 40397 40410 40431 40432 40448 40505 40506 40516 40536 40537 40567 40578 40607 40630 40631 40643 40656 40680 40694 40695 40710 40730 40744 40766 40807 40808 40823 40824 40834 40835 40882 40883 40894 40911 40958 40959 40960 40980 40981 40994 41018 41019 41033 41034 41047 41099 41109 41128 41129 41148 41162 41171 41172 41196 41245 41274 41289 41298 41299 41308 41323 41324 41339 41366 41381 41382 41390 41391 41401 41416 41417 41435 41436 41459 41460 41476 41477 41490 41502 41513 41514 41529 41545 41560 41619 41620 41639 41667 41668 41669 41702 41743 41780 41797 41832 41956 41971 42025 42074 42218 42287 42334 42396 42502 
	}
	buildings_max_level_factor=1.000
        manpower=0
        state_category = town
}
