state={
	id=310
	name="STATE_310"
	provinces={
		1649 2149 2426 2482 2550 3957 4471 4643 4718 4902 6184 6364 6367 6524 6831 7151 8256 8943 8945 9322 11321 11585 11902 12852 12892 14902 15592 16094 16227 16805 16907 17254 17282 17288 17959 17972 18012 18016 18597 18669 19468 19600 19616 19946 19977 20046 20459 20640 21535 21629 21638 21952 22970 23763 23966 24581 24748 39565 39650 39749 39750 39777 39801 39859 39901 39916 40058 40118 40119 40138 40188 40189 40190 40225 40269 40332 40467 40493 40509 40520 40538 40539 40610 40646 40669 40732 40733 40812 40813 40826 40872 40948 40949 41035 41090 41111 41163 41223 41261 41291 41357 41421 41467 
	}
	buildings_max_level_factor=1.000
        manpower=0
        state_category = town
}
