state={
	id=312
	name="STATE_312"
	provinces={
		602 1337 2331 2585 2647 2897 3814 4386 4453 5577 6035 6609 6834 7683 7929 8055 8100 8447 9077 9960 10170 10313 10365 10993 11143 12773 12958 13489 13883 14349 16362 16730 17045 18904 19183 19310 20029 21736 22269 22589 22735 23646 23991 39524 39614 39870 39871 39906 39907 39939 39957 40003 40023 40034 40049 40086 40126 40180 40181 40212 40213 40293 40294 40325 40367 40368 40405 40416 40425 40487 40562 40574 40575 40576 40620 40621 40622 40661 40706 40728 40739 40921 40939 41057 
	}
	buildings_max_level_factor=1.000
        manpower=0
        state_category = town
}
