state={
	id=315
	name="STATE_315"
	provinces={
		463 748 909 1085 1405 2506 2771 2843 2951 3088 3461 3514 3525 3889 3908 4000 4086 4628 4792 5137 5407 5543 5922 5931 6079 6212 6265 6999 7071 7114 7262 7544 7629 7653 7704 7830 8060 8259 8407 8602 8626 8663 8994 9096 9184 9323 9846 10290 10497 10805 11021 11113 11176 11275 11278 11318 11535 11946 11965 11997 12099 12103 12193 12439 12572 12576 12655 12842 12931 13014 13031 13053 13165 13464 13609 13798 13829 13894 14140 14191 14500 14539 15016 15027 15126 15366 15795 16075 16171 16390 16496 16601 16674 16828 16842 16909 16963 16981 17196 17508 17632 17709 17807 17954 18072 18234 18776 19131 19202 19267 19319 19628 19638 20546 20719 20819 20913 20971 20981 21028 21213 21225 21288 21330 21667 21730 21731 21820 22022 22199 22490 22538 22773 23062 23176 23188 23269 23288 23973 24390 24495 24605 24658 24718 24775 24927 39805 39934 39935 40018 40063 40064 40081 40102 40121 40122 40199 40228 40242 40275 40305 40338 40353 40378 40401 40414 40456 40484 40485 40524 40558 40572 40615 40616 40634 40673 40700 40701 40702 40734 40735 40745 40756 40786 40797 40828 40839 40848 40849 40874 40875 40885 40901 40915 40974 40984 40985 40986 41003 41013 41025 41067 41134 41154 41155 41179 41212 41213 41226 41227 41228 41266 41292 41314 41329 41360 41361 41425 41426 41441 41452 41469 41495 41518 41535 41549 41572 41594 41595 41596 41628 41673 41690 41711 41752 41759 41803 41823 41856 41871 42000 42018 42076 42135 42149 42163 42177 42231 42256 42293 42302 42363 42407 42497 42548 42590 42652 42699 42748 42755 42828 42890 
	}
	buildings_max_level_factor=1.000
        manpower=0
        state_category = town
}
