state={
	id=316
	name="STATE_316"
	provinces={
		1431 1964 2039 2699 2842 4724 4984 5698 6060 6821 6836 7486 7566 8289 8775 9786 11227 11331 11355 13164 13373 13838 14193 14377 15290 16024 16190 16753 17666 18337 18808 19509 19797 20022 20810 21014 21665 22066 23010 24785 40028 40151 40192 40318 40454 40569 40594 40647 40684 40699 40768 40769 40783 40815 40847 40934 40964 40997 41036 41079 41151 41175 41211 41384 41393 41422 41449 41450 41461 41533 41547 41591 41657 41671 41672 41685 41707 41732 41785 41820 41833 41851 41866 41900 41986 41987 42045 42104 42144 42230 42252 42406 
	}
	buildings_max_level_factor=1.000
        manpower=0
        state_category = town
}
