state={
	id=317
	name="STATE_317"
	provinces={
		836 2452 3989 4367 4835 5115 5209 5921 7354 8291 8589 9410 10916 11699 12707 13752 14134 14638 15271 15755 16436 17292 17582 17723 19500 19557 20962 21098 21899 23262 24193 24545 24597 40000 40231 40261 40339 40458 40459 40499 40705 40712 40725 40761 40787 40840 40917 40953 41039 41068 41085 41157 41230 41231 41455 41521 41522 41597 41724 41725 41872 41883 42010 42107 42189 
	}
	buildings_max_level_factor=1.000
        manpower=0
        state_category = town
}
