state = { 
	id = 319 
	name = "STATE_319" 
	manpower = 215014 
	
	state_category = slot_7 
	buildings_max_level_factor = 2 
	
	resources = { steel = 45 } 
	history = { 
		owner = UKR 
		
		buildings = { 
			industrial_complex = 2
			arms_factory = 0
			infrastructure = 3 
		}
		
		add_core_of = UKR 
	}
	provinces = { 806 957 1232 1241 1314 1609 1716 2279 2461 2517 2657 2718 2909 3819 4161 4311 4363 4520 4580 4648 4688 4886 5654 5925 6727 7023 7483 7549 7729 7835 7880 7938 8154 8170 8289 8308 8428 8444 8522 8529 8621 9217 9256 9592 9682 9762 9826 9991 10226 10243 10363 10493 10568 10901 11219 11409 11467 11668 11672 11676 11686 11719 11858 11905 12076 15092 15103 15104 15135 15138 15176 15180 15200 15213 15218 15223 15224 15232 15242 15243 15252 15256 15271 15311 15347 15359 15380 15400 15404 15440 15441 15449 15469 15472 15487 15509 15512 15515 15534 15586 15636 15646 18087 }
}
