state={
	id=321
	name="STATE_321"
	provinces={
		519 865 2987 3069 3096 3769 5439 5968 6420 6564 6585 6927 6950 7793 8553 10328 10928 11333 12984 12995 13481 14381 14453 15035 15259 16054 16488 16939 17402 17982 18331 18718 19906 20061 20067 20710 20724 21136 21174 21244 21450 21859 22272 22533 23240 23677 23816 23875 24004 24688 24778 24915 40059 40139 40194 40210 40226 40259 40319 40333 40468 40553 40612 40827 40897 40898 40982 40998 40999 41112 41113 41248 41262 41276 41277 41278 41385 41423 41492 41506 41582 41583 41658 41821 41880 42006 42065 42207 42253 42309 42371 42431 
	}
	buildings_max_level_factor=1.000
        manpower=0
        state_category = town
}
