state={
	id=329
	name="STATE_329"
	provinces={
		557 867 1106 2986 3020 3634 4574 4954 5294 5298 7381 9957 10636 11082 11428 11443 11562 11986 12207 12357 12496 12841 13418 13899 14042 15980 16014 16250 16273 16454 17255 17403 17759 17823 18778 18942 19049 19189 19431 19507 20298 20566 20775 21441 21463 21637 21922 22037 22386 22649 22852 23191 23208 23289 23782 24257 24730 40237 40330 40358 40463 40491 40588 40606 40629 40752 40943 40971 40993 41012 41032 41088 41146 41147 41237 41244 41273 41307 41353 41380 41466 41569 41638 41666 41682 41701 41742 41864 41917 41954 41984 42084 42101 42225 
	}
	buildings_max_level_factor=1.000
        manpower=0
        state_category = town
}
