state={
	id=332
	name="STATE_332"
	provinces={
		367 1369 1768 4364 4843 5243 5334 5459 5879 6159 6486 7216 7369 7574 7602 7684 7717 7894 7917 9580 9864 10385 10606 11185 11798 11878 12115 12683 12706 12845 14120 14245 14501 15292 15333 15593 15879 16251 16267 17163 17635 18066 18219 18370 18671 19648 19894 20167 20392 21398 21489 21700 21807 21933 22043 22172 22592 22682 23745 23963 24890 40393 40472 40486 40512 40527 40528 40691 40707 40716 40818 40843 40879 40922 40940 40967 40968 40990 41004 41005 41006 41014 41027 41058 41071 41106 41118 41167 41203 41242 41254 41269 41270 41281 41410 41428 41429 41487 41526 41538 41601 41739 41754 41764 41810 41896 42012 
	}
	buildings_max_level_factor=1.000
        manpower=0
        state_category = town
}
