state={
	id=336
	name="STATE_336"
	provinces={
		721 996 999 1705 2329 2885 2920 3010 3380 3637 3861 4692 4811 4882 5271 5484 5631 5729 5742 5869 5925 6139 6222 6301 6419 7163 7299 7359 7765 7829 8068 8177 8709 8840 8887 9870 10195 10363 10379 11155 11632 11757 11803 11813 11870 11943 11957 12186 12907 13323 13364 13375 13423 13726 13746 13976 14494 14959 15137 15355 15580 15704 15812 16399 16533 16695 16707 16850 16862 17473 17699 17806 18034 18113 18682 19093 19205 19544 19560 19562 20872 20906 21287 21810 21954 22407 22786 22806 23114 23185 23350 23529 23578 24089 24181 24334 24377 24889 24981 25000 40689 40711 40816 40829 40952 40966 40975 41092 41104 41135 41267 41315 41330 41346 41347 41362 41370 41405 41406 41442 41443 41453 41462 41470 41482 41496 41508 41550 41551 41573 41585 41586 41644 41660 41674 41675 41712 41735 41760 41787 41804 41805 41834 41835 41857 41892 41901 41902 41903 41936 41947 41962 41977 41978 41979 42007 42008 42028 42067 42077 42087 42088 42089 42090 42122 42136 42137 42150 42151 42164 42178 42200 42209 42221 42270 42294 42364 42374 42388 42389 42422 42437 42464 42486 42508 42516 42517 42535 42563 42578 42579 42591 42608 42620 42631 42632 42675 42723 42735 42736 42817 42829 42830 42849 42902 43029 
	}
	buildings_max_level_factor=1.000
        manpower=0
        state_category = town
}
