state={
	id=339
	name="STATE_339"
	provinces={
		447 833 1479 1614 1655 6933 8636 8798 10030 11970 12775 12792 13339 13753 14748 15514 15516 16170 16188 16543 16733 18796 19852 20226 20918 21143 21282 21378 21754 22039 23266 23835 24815 24922 40651 40690 40747 40905 40918 40919 41041 41069 41095 41318 41332 41523 41563 41587 41599 41694 41753 41761 41806 41905 41906 41913 42020 42030 42042 42078 42125 42165 42223 42551 42643 42655 
	}
	buildings_max_level_factor=1.000
        manpower=0
        state_category = town
}
