state={
	id=341
	name="STATE_341"
	provinces={
		1629 3866 4678 8170 8311 10414 10941 11050 11892 13293 14669 14776 15072 15113 16036 16495 16875 17250 17934 19038 19943 21567 22092 22291 22632 22753 23069 23195 23514 24021 24030 24521 24898 40799 40865 40886 40988 41136 41165 41216 41279 41302 41363 41388 41484 41574 41575 41598 41645 41691 41692 41714 41738 41836 41837 41873 41904 41938 41949 42011 42029 42054 42068 42123 42201 42257 42324 
	}
	buildings_max_level_factor=1.000
        manpower=0
        state_category = town
}
