state={
	id=342
	name="STATE_342"
	provinces={
		412 1224 1500 1980 3345 3526 4181 4247 4248 7126 7659 8165 8489 10673 12609 13378 14885 15350 17290 18538 20001 20664 20760 21639 22016 22098 22456 22515 22742 22759 24259 24364 24409 24527 40781 40870 41020 41065 41131 41184 41220 41290 41310 41311 41327 41342 41419 41420 41437 41438 41479 41503 41504 41621 41656 41705 41745 41758 41766 41767 41800 41848 41849 41878 41920 41974 42174 42288 42383 42399 42418 42503 
	}
	buildings_max_level_factor=1.000
        manpower=0
        state_category = town
}
