state={
	id=345
	name="STATE_345"
	provinces={
		44 681 894 951 2197 3279 4124 4491 6098 6494 6778 7397 7893 9115 9198 10130 10225 10327 10456 10631 10868 10954 11151 11592 13091 13361 13670 14330 14892 14931 15024 15962 16282 16666 16750 18508 18528 18633 18984 19439 19645 19692 20155 20555 21088 21341 21579 21717 22503 22507 22814 23295 23676 23839 24256 24796 41190 41232 41233 41282 41283 41303 41334 41375 41474 41527 41528 41602 41614 41632 41648 41649 41664 41718 41740 41755 41774 41775 41789 41825 41884 41907 41926 41940 41966 41967 42013 42056 42080 42096 42182 42203 42212 42247 42261 42283 42315 42316 42326 42327 42340 42379 42521 42703 42841 42940 
	}
	buildings_max_level_factor=1.000
        manpower=0
        state_category = town
}
