state={
	id=346
	name="STATE_346"
	provinces={
		944 1198 3785 5244 5768 6580 6894 7280 8224 9475 9583 9633 9712 10527 11618 11741 12035 13581 13944 14047 14702 15346 15456 15871 16478 16690 18613 18959 19094 19663 21582 22401 22535 22983 23368 23496 23527 23911 24632 24916 40931 41064 41110 41208 41246 41275 41309 41326 41341 41403 41570 41580 41684 41704 41730 41744 41782 41799 41909 41931 41932 42035 42036 42118 42132 42228 42345 42417 
	}
	buildings_max_level_factor=1.000
        manpower=0
        state_category = town
}
