state={
	id=347
	name="STATE_347"
	provinces={
		139 365 613 626 744 810 2095 2159 2534 2591 2625 2835 3050 3358 3390 3569 3594 4243 5202 5690 5947 6189 6267 6396 7416 8599 9163 9284 10569 10726 10824 10873 11117 11869 12128 12304 12959 12990 13080 13119 13226 13401 13628 13710 13941 14049 14210 14250 14394 14481 14578 14607 14803 15373 15889 15908 16041 16473 17888 18377 18764 18962 19314 19437 20238 20408 20560 20920 20945 21145 21328 21420 21552 21668 22025 22095 22237 22286 22375 22603 22718 22777 22939 23042 23178 23561 23888 24036 24339 24852 41108 41144 41288 41379 41447 41544 41558 41559 41568 41589 41637 41681 41700 41720 41794 41814 41830 41861 41862 41863 41876 41887 41898 41930 41943 41944 41945 41983 41996 42015 42044 42060 42061 42109 42128 42129 42185 42194 42216 42265 42266 42267 42275 42276 42277 42278 42331 42332 42368 42427 42459 42470 42471 42557 42568 42569 42637 42658 42667 42681 42707 42708 42718 42752 42784 42798 42799 42809 42868 42869 42895 42909 42917 42930 42931 43023 43066 43086 43087 43099 43123 43136 43142 43162 43191 43192 43208 43237 43278 43282 43364 43365 43385 43475 
	}
	buildings_max_level_factor=1.000
        manpower=0
        state_category = town
}
