state={
	id=349
	name="STATE_349"
	provinces={
		998 1363 2035 2522 3679 3698 4526 4742 4875 5400 5416 6302 7338 7650 7807 8330 8440 8543 9223 9279 9610 9717 10041 10282 10391 10441 11042 11362 11706 11937 12098 12111 13294 14827 15000 15180 15193 15577 15738 15764 16375 18552 18620 18851 19105 19703 20150 20677 20702 21188 22236 23070 23533 24614 24924 41181 41398 41409 41473 41486 41498 41499 41553 41565 41613 41631 41717 41726 41763 41772 41773 41840 41893 41894 41895 41916 42002 42021 42094 42095 42108 42126 42127 42153 42154 42202 42224 42235 42236 42259 42260 42272 42349 42378 42393 42439 42454 42476 42510 42511 42566 42611 42685 42738 42759 42794 42929 42951 43107 43119 43129 43155 43234 43235 43243 43437 
	}
	buildings_max_level_factor=1.000
        manpower=0
        state_category = town
}
