state={
	id=355
	name="STATE_355"
	provinces={
		220 256 484 592 720 838 1312 1427 2179 2574 2644 2889 2982 3092 3304 3653 3940 3976 4539 4700 4744 4825 4846 5063 5275 5762 6646 7005 7100 7150 7223 7478 7725 8524 8914 9009 9353 9354 9764 10742 10976 11057 11087 11226 11574 11709 11796 11844 11894 12121 12183 12467 12533 12573 12747 12826 12969 13341 13497 13702 13938 14404 14479 14514 14682 15048 15080 15172 15245 15460 15667 15794 16193 16629 16802 16984 17035 17151 17206 17388 18423 18521 18881 18885 18996 19644 19779 19899 20346 20707 20781 20801 20899 20939 20960 21126 21170 21258 21349 22008 22117 22356 22465 22497 22528 22554 22624 22843 22962 23110 23334 23344 23390 23914 23920 24677 24744 24813 41284 41430 41432 41541 41566 41577 41588 41615 41616 41650 41651 41677 41696 41727 41741 41765 41776 41790 41811 41841 41842 41843 41859 41928 41941 41951 41952 41953 41968 42014 42022 42032 42057 42082 42097 42155 42168 42169 42191 42248 42262 42317 42328 42342 42365 42366 42395 42426 42440 42457 42467 42468 42490 42538 42539 42599 42612 42647 42686 42687 42704 42751 42760 42761 42780 42781 42782 42807 42819 42866 42879 42880 42893 42894 42906 42941 42967 42977 43009 43020 43021 43031 43064 43093 43133 43149 43150 43156 43157 43190 43227 43276 43277 43330 43362 43363 43421 43446 43472 43486 43514 43543 43559 43717 
	}
	buildings_max_level_factor=1.000
        manpower=0
        state_category = town
}
