state={
	id=356
	name="STATE_356"
	provinces={
		420 570 1477 1753 1878 3575 5264 6334 6592 7328 7452 7498 8472 8622 8657 8960 9793 9943 11216 12473 12485 13718 13973 14960 15224 15872 16047 17463 18524 18584 19160 20917 21295 21301 21876 21923 22020 23221 23818 24974 41606 41624 41641 41706 41731 41747 41748 41768 41850 41888 42064 42075 42086 42158 42219 42268 42289 42299 42300 42337 42401 42403 42404 42460 42481 42482 42542 42649 42650 42694 42745 42776 42802 
	}
	buildings_max_level_factor=1.000
        manpower=0
        state_category = town
}
