state={
	id=359
	name="STATE_359"
	provinces={
		178 209 294 649 871 964 2119 2565 2789 3023 3128 3174 4026 4550 4877 5018 5461 5696 6799 7500 7635 8074 8611 8957 9032 9675 9895 10352 11289 11397 11619 12634 13503 13674 14784 15560 15826 16106 17455 17826 19102 19913 20044 20109 20201 20331 20414 20970 21094 21100 21816 22235 22732 22868 22957 24109 24143 24155 24304 24561 41689 41723 41802 41870 41976 42046 42162 42199 42269 42301 42357 42420 42435 42436 42485 42525 42561 42562 42630 42651 42661 42673 42674 42747 42767 42768 42792 42793 42803 42838 42875 42889 42964 43028 43060 43061 43071 43177 43184 43216 43259 43370 43594 
	}
	buildings_max_level_factor=1.000
        manpower=0
        state_category = town
}
