state={
	id=363
	name="STATE_363"
	provinces={
		164 180 528 629 903 923 929 1059 1598 1626 1720 1861 1908 2115 2563 2577 2724 2820 3235 3488 3574 3777 3805 4144 4480 4590 4641 4701 4981 5044 5116 5177 5226 5511 5564 5774 5847 5858 6069 6191 6346 6547 6631 6632 6903 6931 6943 7063 7074 7116 7410 7413 7483 7491 7909 8118 9086 9306 9347 9387 9389 9623 9628 9710 10756 10759 10780 10908 11045 11503 11583 11586 11786 11958 12015 12074 12146 12329 12404 12530 12541 12743 12880 12985 13244 13658 13778 13909 13915 13959 13979 14060 14187 14190 14266 14347 14419 14472 14474 14747 14761 14851 14970 15174 15188 15190 15209 15419 15685 15689 15701 15810 15906 15951 16063 16162 16427 16520 16757 16799 16827 17062 17066 17149 17371 17522 17570 17631 17725 17727 17815 17963 18342 18383 18656 18687 19215 19435 19698 19818 20071 20120 20376 20398 20493 20893 20919 21084 21456 21524 21628 22162 22207 22319 22543 22762 22775 22795 22808 23098 23187 23335 23352 23402 23465 23484 23599 23606 23767 23850 23858 23881 24319 24476 24701 41713 41937 41963 42019 42047 42091 42092 42152 42179 42180 42188 42222 42233 42246 42295 42296 42303 42312 42358 42375 42376 42390 42409 42410 42423 42424 42425 42438 42450 42451 42465 42466 42487 42518 42519 42520 42536 42550 42564 42580 42581 42621 42622 42633 42634 42653 42654 42663 42700 42701 42714 42724 42725 42737 42756 42757 42769 42779 42831 42839 42840 42850 42851 42862 42863 42876 42892 42903 42904 42921 42922 42923 42936 42948 42949 42959 42960 42987 42988 42989 42990 42991 43007 43008 43018 43039 43082 43091 43092 43113 43128 43147 43164 43165 43178 43179 43180 43181 43188 43201 43202 43229 43230 43251 43274 43279 43292 43307 43313 43323 43337 43338 43344 43352 43360 43371 43375 43418 43427 43434 43435 43445 43468 43483 43501 43512 43523 43531 43532 43533 43540 43554 43596 43604 43618 43647 43668 43687 43688 
	}
	buildings_max_level_factor=1.000
        manpower=0
        state_category = town
}
