state={
	id=367
	name="STATE_367"
	provinces={
		561 752 763 873 946 2080 2606 4094 4536 4604 4681 5087 5258 5688 5788 6425 6839 6860 8508 8614 8679 8872 8902 8956 9328 9377 11146 11829 11842 12109 12222 12445 12450 12484 12520 12967 13784 14811 15413 15931 15994 16126 16177 16202 16297 16928 18411 19194 21133 21251 21275 21864 21898 22115 22231 22501 22591 23182 23202 23678 23773 24702 24868 24908 24913 42031 42115 42138 42166 42237 42273 42394 42455 42477 42512 42528 42597 42656 42702 42715 42727 42728 42795 42805 42806 42818 42854 42905 42952 42961 42966 43030 43054 43072 43083 43084 43130 43131 43140 43141 43169 43203 43223 43264 43280 43328 43420 43431 43432 43456 43534 43632 43737 
	}
	buildings_max_level_factor=1.000
        manpower=0
        state_category = town
}
