state={
	id=371
	name="STATE_371"
	provinces={
		160 317 1739 1820 1888 2365 2567 4140 5289 5384 5817 6674 7878 8217 8336 8919 9018 10178 11270 11597 11777 12370 13530 13699 13956 14152 14805 16044 16483 16512 16742 16838 17007 17063 17178 18500 18641 18918 19016 19588 19784 19934 21040 21401 21956 22050 22478 23151 42049 42110 42204 42217 42279 42333 42350 42360 42428 42531 42541 42558 42570 42626 42668 42669 42682 42719 42810 42811 42812 42813 42870 42882 42910 42943 42953 42994 42995 43033 43172 43193 43217 43254 43287 43296 43346 43396 
	}
	buildings_max_level_factor=1.000
        manpower=0
        state_category = town
}
