state={
	id=372
	name="STATE_372"
	provinces={
		487 742 1404 1475 2051 2360 2641 3056 4521 4955 5206 5897 7783 8436 9447 10158 10802 10922 11694 11969 12369 13127 13836 14108 14581 15142 15443 15591 15617 15711 15824 16263 16418 16603 16639 16663 18037 18329 18527 18603 18684 18954 19217 20100 20753 20824 22317 22807 22930 23026 23598 23617 24026 42281 42346 42347 42405 42449 42461 42475 42483 42544 42545 42546 42587 42588 42616 42617 42627 42641 42672 42695 42696 42711 42712 42721 42734 42816 42824 42825 42860 42920 42934 42946 42983 43003 43004 43014 43015 43048 43049 43069 43079 43096 43112 43127 43163 43175 43196 43211 43221 43268 43288 43368 43390 43464 43538 
	}
	buildings_max_level_factor=1.000
        manpower=0
        state_category = town
}
