state={
	id=375
	name="STATE_375"
	provinces={
		421 1349 2057 3897 4400 4599 5351 5418 6115 6624 6939 7401 7499 7679 7686 7842 9206 9419 9424 10219 10303 10360 11092 11190 11925 12134 12170 12720 12877 13052 13340 13723 15532 16913 17079 17161 17467 18406 18567 18659 19139 19658 20088 20588 20643 22051 22247 22645 23135 24173 24731 42341 42456 42582 42583 42598 42646 42739 42796 42865 42878 43044 43114 43132 43170 43204 43224 43225 43253 43315 43325 43345 43373 43377 43378 43381 43409 43438 43457 43485 43507 43508 43513 43525 43573 43574 43597 43598 43660 43661 43756 43764 43782 43795 43845 43898 43957 43980 
	}
	buildings_max_level_factor=1.000
        manpower=0
        state_category = town
}
