state={
	id=376
	name="STATE_376"
	provinces={
		1245 1314 1541 1697 2225 3055 3086 3330 3399 3585 3926 3960 4067 4774 5014 5125 5247 5350 5850 6161 6840 6960 7175 7201 7362 7737 8182 8638 8675 8686 9112 9139 9241 9565 9776 10188 10429 10515 11136 11210 11517 11531 12141 12217 12362 13047 13075 13099 13100 13114 13122 13218 13263 13302 13539 13552 13692 13863 13933 13989 14267 14299 14893 14982 15026 15192 15321 15475 15510 15849 16234 16704 17047 17070 17261 17424 17732 17780 17884 17921 18661 18794 18856 19289 19521 19592 19710 20052 20075 20295 20496 20623 21276 22686 23296 24925 24944 42232 42408 42421 42515 42549 42577 42662 42891 42965 42974 42986 43080 43081 43088 43089 43090 43106 43154 43185 43186 43187 43200 43250 43260 43273 43290 43312 43321 43322 43336 43405 43417 43425 43426 43494 43521 43530 43572 43595 43628 43674 43754 43755 43780 43799 43813 43854 43934 43941 44009 44045 44071 44072 44111 44112 44213 44277 44376 
	}
	buildings_max_level_factor=1.000
        manpower=0
        state_category = town
}
