state={
	id=393
	name="STATE_393"
	provinces={
		1 36 67 88 226 246 343 344 363 467 575 630 684 739 767 770 905 933 972 1003 1016 1105 1184 1235 1264 1320 1425 1430 1489 1599 1603 1688 1706 1724 1821 1914 2016 2112 2134 2171 2196 2200 2222 2223 2268 2284 2285 2345 2380 2381 2428 2443 2499 2575 2648 2689 2728 2758 2858 2863 2864 2872 2881 2902 2937 2952 2955 3038 3131 3143 3173 3189 3333 3355 3410 3480 3510 3601 3616 3617 3624 3644 3658 3676 3775 3781 3792 3833 3871 3955 3966 3968 3985 4028 4056 4145 4227 4237 4264 4269 4272 4346 4430 4482 4559 4572 4626 4651 4660 4850 4948 5094 5183 5291 5390 5408 5410 5417 5430 5475 5549 5699 5718 5737 5795 5969 5971 6021 6026 6034 6166 6209 6252 6254 6274 6314 6342 6369 6385 6412 6417 6463 6536 6538 6544 6557 6633 6640 6806 6857 6858 6889 6893 6902 6920 6924 6944 6989 7012 7017 7090 7154 7203 7258 7284 7315 7352 7387 7392 7429 7454 7474 7609 7634 7695 7719 7740 7749 7751 7818 7821 7847 7890 7987 7996 8003 8024 8063 8094 8157 8237 8308 8320 8335 8342 8357 8426 8591 8656 8664 8740 8771 8806 8877 8993 8995 9002 9004 9066 9094 9107 9192 9207 9296 9368 9431 9433 9531 9595 9658 9679 9725 9749 9783 9822 9853 9879 9883 9894 10059 10073 10200 10333 10444 10463 10464 10518 10539 10561 10568 10575 10625 10649 10654 10667 10679 10690 10701 10703 10711 10785 10807 11000 11048 11110 11144 11215 11225 11234 11268 11351 11352 11561 11633 11636 11772 11808 11879 11909 11949 11960 12021 12050 12065 12106 12149 12169 12172 12189 12312 12342 12417 12430 12669 12671 12741 12751 12755 12762 12897 12911 12913 12964 13133 13134 13148 13156 13173 13335 13460 13487 13528 13579 13592 13640 13736 13766 13795 13834 13881 13882 13897 13934 14011 14040 14135 14204 14378 14395 14397 14431 14452 14486 14488 14555 14565 14659 14661 14729 14774 14810 14947 14950 15093 15133 15177 15191 15196 15215 15218 15315 15409 15455 15542 15546 15559 15633 15961 15972 16114 16133 16180 16197 16217 16303 16397 16413 16438 16535 16546 16630 16683 16726 16727 16776 16836 16938 17132 17139 17148 17152 17237 17370 17396 17430 17451 17484 17485 17499 17511 17598 17621 17649 17671 17718 17766 17771 17790 17796 17837 17943 17958 17989 18047 18078 18128 18200 18211 18226 18235 18303 18319 18326 18393 18418 18422 18438 18459 18471 18491 18502 18531 18585 18717 18770 19101 19299 19338 19388 19514 19552 19610 19723 19739 19751 19795 19841 19952 19961 19998 20124 20245 20253 20274 20345 20396 20434 20437 20499 20550 20585 20597 20612 20696 20732 20762 20901 20905 20998 21031 21078 21262 21406 21407 21429 21431 21530 21556 21641 21702 21770 21781 21792 21866 21919 21920 22024 22038 22057 22121 22136 22149 22154 22371 22378 22483 22518 22565 22610 22629 22634 22862 22867 22919 23024 23056 23142 23170 23310 23311 23331 23351 23383 23415 23424 23539 23566 23587 23594 23628 23681 23743 23770 23871 23934 24013 24158 24170 24258 24308 24312 24389 24396 24407 24445 24624 24681 24709 24721 24791 24802 24818 24874 24912 24984 42826 43016 43098 43104 43146 43198 43212 43272 43283 43302 43320 43327 43355 43357 43369 43399 43400 43414 43415 43422 43423 43442 43443 43444 43453 43480 43481 43491 43492 43500 43528 43539 43547 43548 43553 43561 43562 43563 43571 43582 43593 43603 43611 43612 43626 43635 43636 43637 43644 43653 43664 43665 43666 43672 43673 43677 43678 43685 43694 43712 43713 43719 43720 43729 43734 43735 43741 43742 43753 43760 43762 43771 43806 43822 43823 43824 43825 43831 43837 43843 43844 43849 43850 43871 43878 43879 43885 43886 43901 43906 43907 43908 43917 43932 43939 43961 43968 43976 43977 43978 43979 43990 43996 44003 44017 44021 44022 44023 44030 44039 44040 44043 44044 44054 44055 44060 44061 44068 44069 44070 44085 44086 44087 44097 44098 44110 44114 44117 44118 44119 44132 44133 44141 44142 44149 44152 44153 44162 44163 44170 44171 44177 44184 44189 44192 44198 44206 44207 44211 44212 44215 44216 44217 44235 44239 44240 44245 44254 44260 44265 44276 44282 44289 44290 44295 44296 44301 44308 44309 44321 44325 44329 44337 44338 44344 44345 44346 44351 44352 44355 44365 44366 44383 44396 44397 44398 44404 44405 44406 44407 44416 44417 44424 44425 44426 44429 44435 44441 44445 44451 44454 44456 44459 44460 44467 44468 44473 44476 44479 44480 44488 44489 44490 44491 44496 44509 44516 44518 44519 44529 44534 44542 44546 44547 44552 44560 44578 44581 44585 44591 44596 44600 44606 44607 44608 44609 44612 44623 44624 44628 44629 44636 44643 44648 44649 44658 44659 44670 44671 44678 44679 44686 44694 44697 44706 44716 44722 44725 44726 44732 44741 44742 44743 44748 44763 44764 44765 44774 44780 44789 44790 44795 44812 44813 44818 44819 44826 44833 44839 44840 44841 44844 44857 44858 44862 44870 44873 44877 44895 44904 44905 44907 44912 44916 44917 44925 44931 44939 44942 44948 44957 44968 44977 44996 45006 45014 45016 45026 45031 45037 45039 45046 45047 45049 45070 45077 45086 45097 45113 45135 45161 
	}
	buildings_max_level_factor=1.000
        manpower=0
        state_category = town
}
