state={
	id=396
	name="STATE_396"
	provinces={
		17 279 906 1265 1440 1640 1818 1881 1884 2181 2206 2501 2684 2730 3540 3753 3784 4266 4519 4559 4638 4778 5067 5111 5218 5526 5596 5705 6027 6263 6389 6693 6756 6818 6946 7507 7816 8060 8207 8209 8474 8635 8898 9203 9539 9558 9662 9775 9785 9927 10134 10203 10268 10343 10473 10588 11181 11253 11465 11491 11773 11848 11872 15569 15604 15605 15608 15619 15650 15679 15688 15697 15700 15723 15724 15732 15737 15754 15767 15768 15782 15797 15808 15826 15859 15862 15890 15898 15901 15922 15933 15937 15987 15997 16022 16034 16035 16059 16064 16065 16073 16080 16097 16126 16139 16144 16146 16166 18121 18118 18112 18110 18103 18099 18092
	}
history= {
		owner = UKR
		add_core_of = UKR
		buildings = {
			infrastructure = 3
			industrial_complex = 2
			arms_factory = 1
		}
	}
	buildings_max_level_factor=2.000
    manpower=137879
    state_category = town
}
