state={
	id=397
	name="STATE_397"
	provinces={
		2 145 203 234 882 1338 2042 2266 3387 3766 4358 4585 4663 5157 5600 5650 5678 5924 5965 6433 6804 6929 7062 7307 8029 8354 8517 8527 8590 8996 9151 9912 10019 10336 10487 11502 11866 12124 12380 12483 13773 13980 14019 14301 14650 15073 15129 15816 15946 16016 16368 16470 16896 17341 17530 17537 17573 17951 18074 18318 18380 18440 18754 18952 19140 20415 20454 20457 21212 21414 21481 22596 22937 24693 24736 24766 43258 43284 43306 43351 43359 43392 43402 43403 43404 43416 43459 43467 43511 43564 43613 43627 43639 43645 43679 43686 43695 43714 43763 43788 43812 43872 43887 43895 43940 43962 44004 44041 44093 44100 44123 44154 44218 44267 44283 44302 44347 44373 44384 44411 44418 44474 44553 44582 
	}
	buildings_max_level_factor=1.000
        manpower=0
        state_category = town
}
