state={
	id=399
	name="STATE_399"
	provinces={
		273 943 1807 1855 2294 4329 4647 4680 5566 5766 5856 5936 6373 7072 7875 8006 8206 8287 8588 8667 8916 9794 10045 10348 10394 10408 10468 10615 11056 11149 11181 11547 11678 11901 12348 12559 12718 12835 13638 13965 14065 14107 15459 15632 16111 16426 16843 17065 17219 17523 18360 18631 18963 19019 19171 19219 19273 19281 19444 20395 21257 21260 21526 21595 22948 23322 23361 23595 23778 24446 43340 43394 43447 43487 43515 43544 43549 43640 43641 43682 43698 43726 43727 43728 43784 43817 43852 43863 43864 43873 43874 43899 43919 43965 44000 44052 44130 44182 44209 44238 44242 44259 44271 44319 44322 44360 44413 44465 44466 44517 44571 
	}
	buildings_max_level_factor=1.000
        manpower=0
        state_category = town
}
