state={
	id=406
	name="STATE_406"
	provinces={
		73 86 114 118 184 213 231 278 297 332 341 351 509 510 544 560 615 683 693 848 968 984 1074 1117 1126 1133 1151 1167 1196 1215 1258 1275 1319 1347 1401 1452 1457 1466 1481 1513 1530 1645 1694 1745 1770 1794 1864 1875 1991 1996 2009 2030 2096 2142 2156 2279 2334 2349 2356 2389 2481 2547 2556 2691 2708 2714 2828 2855 2876 2929 2936 2944 2979 3106 3116 3119 3137 3199 3224 3256 3296 3319 3356 3425 3462 3517 3641 3770 3815 3877 4031 4102 4103 4108 4122 4165 4187 4251 4276 4344 4372 4447 4470 4523 4714 4740 4785 4829 4837 4849 4927 4983 5005 5020 5029 5032 5088 5204 5303 5316 5328 5330 5360 5379 5527 5550 5561 5568 5625 5639 5642 5666 5684 5787 5797 5820 5863 5946 5970 6019 6110 6208 6216 6277 6330 6347 6382 6405 6523 6529 6556 6565 6572 6579 6593 6670 6718 6762 7003 7007 7077 7173 7200 7263 7303 7321 7331 7353 7373 7403 7443 7523 7539 7643 7657 7716 7741 7755 7760 7854 7901 7915 7947 7967 7982 7997 8083 8159 8194 8208 8245 8280 8333 8403 8423 8558 8584 8888 8901 8907 8930 8984 9029 9048 9119 9162 9280 9349 9351 9382 9429 9465 9526 9537 9605 9641 9671 9688 9709 9800 9831 9835 9908 9927 10017 10071 10131 10169 10277 10283 10315 10338 10361 10371 10415 10496 10502 10655 10789 10795 10942 10975 10986 11015 11028 11121 11200 11419 11533 11541 11571 11625 11641 11712 11852 11862 11884 11887 11959 11962 12107 12132 12173 12184 12229 12344 12354 12358 12505 12512 12555 12580 12588 12626 12694 12715 12736 12858 12864 12885 12941 12943 12986 13069 13135 13157 13203 13310 13397 13490 13583 13627 13635 13639 13721 13725 13775 13803 13842 13966 14045 14094 14172 14215 14226 14246 14290 14321 14427 14437 14459 14470 14490 14498 14522 14579 14819 14824 14829 14841 14994 15023 15083 15281 15533 15571 15607 15613 15651 15748 15769 15790 15809 15958 15993 16017 16020 16042 16070 16089 16143 16148 16152 16201 16239 16326 16402 16430 16521 16665 16716 16737 16738 16748 16807 16823 16893 17053 17115 17127 17381 17564 17623 17647 17753 17756 17792 17914 17992 18130 18217 18344 18420 18461 18480 18493 18549 18610 18678 18751 18919 18921 18951 18981 19095 19108 19224 19367 19385 19404 19470 19607 19747 19773 19846 19856 20058 20113 20312 20366 20384 20399 20419 20562 20569 20628 20734 20804 20813 20897 20912 21085 21105 21238 21256 21273 21281 21452 21461 21474 21572 21740 21793 21862 21875 22062 22181 22191 22210 22253 22254 22261 22301 22308 22376 22599 22622 22635 22648 22660 22721 22820 23048 23257 23392 23437 23444 23560 23635 23751 23795 23809 23845 23863 24038 24049 24080 24083 24310 24370 24429 24440 24466 24528 24805 24901 43372 43376 43419 43428 43429 43436 43484 43495 43541 43555 43556 43589 43619 43629 43730 43761 43791 43815 43816 43832 43880 43896 43923 43964 44005 44011 44012 44062 44075 44102 44113 44125 44135 44193 44203 44219 44224 44243 44246 44269 44273 44287 44298 44304 44317 44318 44326 44348 44369 44370 44374 44385 44389 44394 44400 44401 44461 44462 44463 44471 44475 44482 44483 44497 44498 44506 44523 44535 44536 44548 44549 44554 44562 44567 44583 44601 44602 44626 44631 44632 44645 44653 44661 44662 44663 44666 44673 44674 44688 44689 44698 44699 44702 44707 44717 44723 44734 44735 44744 44750 44756 44757 44768 44769 44785 44792 44802 44807 44816 44820 44828 44831 44852 44859 44882 44883 44889 44894 44901 44902 44908 44913 44918 44922 44926 44932 44949 44950 44960 44963 44973 44975 44983 44984 44985 44997 44998 45017 45028 45034 45035 45040 45041 45042 45043 45056 45059 45062 45066 45071 45078 45082 45083 45087 45088 45089 45099 45100 45107 45110 45127 45140 45154 45157 45158 45166 45169 45184 45190 45191 45192 45194 45199 45200 45207 45208 45209 45210 45215 45218 45222 45224 45225 45232 45236 45240 45246 45250 45252 45262 45278 45279 45283 45288 45294 45301 45302 45306 45308 45312 45320 45322 45326 45327 45330 45335 45340 45342 45343 45344 45346 45353 45354 45355 45359 45362 45365 45374 45375 45385 45386 45388 45389 45392 45401 45402 45414 45421 45424 45438 45463 45469 45487 45502 45518 
	}
	buildings_max_level_factor=1.000
        manpower=0
        state_category = town
}
