state={
	id=408
	name="STATE_408"
	provinces={
		48 98 163 189 192 271 302 320 376 582 769 771 809 930 959 1013 1200 1228 1252 1454 1467 1524 1728 1742 1775 1923 1926 2061 2186 2234 2292 2347 2400 2573 2579 2598 2619 2620 2633 2643 2676 2686 2775 2975 3007 3168 3170 3186 3251 3362 3400 3473 3548 3567 3664 3690 3722 3732 3819 3849 3869 4011 4042 4062 4064 4134 4236 4391 4468 4510 4519 4563 4568 4592 4642 4838 4878 4936 4958 4974 5016 5170 5174 5196 5216 5281 5283 5369 5500 5786 5845 5877 5891 5976 6039 6095 6260 6275 6316 6340 6449 6458 6459 6786 6862 6877 6891 7023 7068 7142 7182 7259 7378 7430 7456 7573 7612 7718 7786 7789 8106 8110 8162 8222 8331 8346 8672 8745 8780 8924 8937 9007 9044 9098 9170 9201 9307 9342 9485 9572 9597 9630 9744 9899 9923 9948 10044 10068 10173 10199 10326 10522 10560 10571 10788 10800 11109 11128 11202 11338 11433 11449 11473 11522 11524 11565 11990 12064 12082 12135 12253 12368 12455 12476 12482 12488 12605 12798 12881 12992 13243 13326 13383 13421 13649 13719 13821 13865 13921 13955 14050 14109 14163 14276 14296 14338 14352 14483 14495 14550 14850 14877 14887 14894 14933 15034 15069 15235 15282 15349 15519 15527 15771 16118 16212 16446 16469 16475 16505 16517 16525 16575 16622 16784 16806 16811 16935 17000 17018 17034 17156 17259 17312 17330 17539 17545 17620 17694 17833 17874 18035 18083 18154 18249 18582 18625 18702 18789 18809 18841 18890 19198 19218 19375 19418 19466 19640 19701 19745 19904 20073 20184 20285 20456 20771 20812 21229 21340 21615 21699 21970 22119 22139 22197 22206 22365 22394 22423 22653 22663 22688 22741 22931 22935 22994 23277 23345 23497 23756 23836 23870 24118 24327 24379 24706 24871 24994 43393 43408 43504 43505 43506 43524 43558 43606 43607 43621 43631 43659 43689 43707 43723 43736 43767 43793 43808 43856 43882 43897 43903 43910 43937 43944 43945 43946 43970 43987 43998 44013 44014 44033 44034 44035 44047 44048 44049 44064 44079 44080 44094 44115 44127 44136 44143 44144 44145 44150 44159 44172 44185 44199 44200 44204 44220 44225 44226 44231 44232 44237 44244 44256 44257 44270 44291 44299 44305 44311 44342 44343 44349 44350 44359 44371 44379 44408 44427 44432 44433 44436 44446 44452 44469 44472 44477 44484 44499 44500 44507 44513 44524 44544 44550 44558 44568 44573 44574 44603 44614 44615 44616 44637 44639 44664 44667 44675 44684 44700 44728 44730 44751 44758 44786 44806 44821 44832 44836 44842 44864 44879 44884 44898 44903 44906 44911 44914 44944 44945 44951 44969 44979 44990 45001 45010 45022 45025 45044 45067 45072 45081 45090 45095 45111 45112 45123 45124 45125 45128 45143 45160 45167 45185 45195 45202 45223 45243 45255 45270 45273 45286 45289 45317 45318 45328 45347 45348 45366 45371 45376 45378 45381 45395 45403 45415 45428 45431 
	}
	buildings_max_level_factor=1.000
        manpower=0
        state_category = town
}
