state = { 
	id = 409 
	name = "STATE_409" 
	manpower = 254609 
	
	state_category = slot_7 
	buildings_max_level_factor = 2 
	history = { 
		owner = UKR 
		
		buildings = { 
			industrial_complex = 2
			arms_factory = 0
			infrastructure = 2 
		}
		
		add_core_of = UKR 
	}
	provinces = { 228 280 424 679 799 1441 1624 1720 1741 1950 2381 2401 2703 2821 2995 3001 3025 3192 3201 3332 3550 3831 3912 4072 4228 4855 5205 5325 5909 6172 6325 6437 6551 6805 6807 6921 7447 7753 7791 7841 7981 8002 8101 8241 9059 9504 9804 10135 10154 10443 10672 10724 11058 11157 11433 11674 11738 11765 12090 15616 15686 15743 15793 15804 15830 15846 15851 15866 15868 15869 15906 15907 15917 15944 15958 15966 15971 15972 16007 16021 16030 16041 16090 16111 16155 16163 16226 16281 16325 }
}
