state={
	id=416
	name="STATE_416"
	provinces={
		521 3707 4352 4554 4569 4826 5142 6365 6590 7204 7638 8196 8785 10301 10399 10753 11584 11885 11951 13044 13289 14114 14531 14935 15539 16456 16553 16930 17432 17543 17654 18133 18184 18403 18675 18833 19133 19675 20714 21503 22238 22744 22774 23901 43526 43622 43724 43725 43783 43948 43972 43973 44019 44056 44081 44129 44160 44174 44181 44279 44313 44372 44380 44438 44514 44604 44650 44710 44718 
	}
	buildings_max_level_factor=1.000
        manpower=0
        state_category = town
}
