state = {
	id=42
	name="STATE_42"
	provinces={
		14 304 374 533 633 765 1072 1125 1126 1174 1270 1373 1465 1495 1682 1778 1784 1873 2128 2500 2594 2713 2906 2935 3053 3085 3237 3368 3393 3588 3965 4140 4162 4555 4668 4914 5268 5373 5540 5644 5955 6187 6258 6438 6446 6854 7227 7438 8149 8598 8622 8905 9480 10740 10934 11520 11739 11796 11916 12457 12482 12490 12503 12560 12597 12620 12621 12625 12651 12671 12723 12786 12792 12806 
	}
	history={
        owner = RUS
        add_core_of = RUS 
		buildings = {
			infrastructure = 3
			industrial_complex = 1
		}
    }
	buildings_max_level_factor=1.000
	manpower = 1000
	state_category = town
}
