state = {
	id=422
	name="STATE_422"
	provinces={
		840 841 1160 1258 1394 1999 2032 2214 2305 2546 2563 2576 3029 3390 3611 4192 5900 5927 6127 6587 6917 7381 7649 7824 8020 8027 8125 8205 8227 8451 8500 8526 8659 8699 8757 8877 8913 9093 9122 9140 9510 9566 9639 10047 10468 10543 10657 10824 11047 11187 11544 11800 11903 11980 15661 15711 15800 15847 15881 15893 15894 15956 15959 15993 15994 16009 16066 16067 16084 16085 16169 16170 16192 16200 16209 16240 16247 16285 16290 16291 16294 16339 18109
	}
    history= {
		owner = UKR
		add_core_of = UKR
		buildings = {
			infrastructure = 3
			industrial_complex = 1
			arms_factory = 0
		}
	}
	buildings_max_level_factor=2.000
    manpower=163312
    state_category = town
}
