state={
	id=43
	name="STATE_43"
	provinces={
		132 431 605 690 762 1034 1065 1097 1250 1468 1540 1773 1816 1972 2083 2250 2420 2507 2701 2705 2709 2731 2871 3191 3209 3253 3352 3413 3559 3596 3788 3825 3870 3884 4087 4310 4316 4398 4404 4414 4449 4557 4573 4743 4778 4810 4946 5310 5336 5431 5491 5545 5715 5767 5773 5804 5940 5957 5983 6112 6203 6229 6236 6436 6454 6553 6559 6634 6730 6767 6847 6911 7227 7487 7524 7526 7569 7889 7930 8028 8072 8088 8122 8161 8247 8439 8521 8579 8951 9039 9043 9104 9105 9150 9231 9462 9471 9593 9707 9951 9996 10183 10245 10396 10542 10577 10686 10774 10796 11162 11228 11345 11516 11601 11819 11981 12084 12097 12246 12361 12364 12427 12441 12630 12781 12893 12910 12954 12961 13033 13088 13160 13248 13258 13301 13403 13580 13673 13682 14061 14316 14446 14566 14688 14859 14899 15104 15305 15620 15754 15802 15853 15955 15995 16119 16181 16305 16452 16758 16864 17155 17272 17314 17416 17419 17798 17876 17990 18026 18410 18412 18604 18636 18892 18961 19477 19855 20079 20534 20564 20746 20992 21146 21475 21937 22006 22093 22128 22188 22290 22711 22770 22980 23038 23058 23155 23197 23282 23302 23315 23336 23367 23416 23600 23726 23789 24002 24042 24072 24284 24449 24788 24843 24952 24996 25841 25847 25872 25875 25891 25923 25976 25981 25988 26032 26037 26062 26091 26100 26106 26110 26137 26163 26203 26212 26219 26220 26229 26279 26286 26313 26327 26328 26349 26368 26392 26399 26405 26406 26438 26459 26496 26519 26524 26532 26533 26554 26576 26588 26589 26602 26635 26636 26643 26653 26687 26696 26697 26698 26703 26711 26726 26751 26773 26822 26832 26845 26856 26857 26864 26868 26869 26889 26890 26891 26933 26934 26991 26994 27032 27057 27058 27081 27095 27143 27144 27155 27175 27188 27206 27264 27316 27350 27365 27366 27379 27394 27395 27430 27437 27438 27462 27496 27497 27525 27547 27561 27573 27645 27652 27687 27702 27703 27708 27733 27734 27756 27791 27796 27826 27845 27846 27917 27963 28063 
	}
	buildings_max_level_factor=1.000
        manpower=0
        state_category = town
}
