state={
	id=437
	name="STATE_437"
	provinces={
		441 550 1679 2131 3110 3430 3566 3655 4046 4365 4683 4976 4977 5253 6003 6131 6341 6358 6784 7448 7876 8234 8418 8989 9153 9266 9528 9916 10091 10949 10970 11251 11286 11353 11396 11642 12005 12067 12940 13136 13138 13142 13975 14415 14601 15883 16373 17327 17563 18654 18658 18743 18905 19851 20420 20684 21417 22733 23669 44124 44268 44303 44363 44414 44442 44492 44510 44511 44530 44561 44572 44597 44610 44625 44630 44672 44680 44737 44783 44878 44943 44947 44961 44978 44993 45008 45051 45065 
	}
	buildings_max_level_factor=1.000
        manpower=0
        state_category = town
}
