state={
	id=462
	name="STATE_462"
	provinces={
		3 14 33 81 89 150 151 315 319 321 408 415 423 443 449 476 522 526 530 538 558 625 663 667 714 774 804 850 924 967 974 983 992 1009 1041 1090 1225 1227 1378 1400 1463 1545 1564 1566 1594 1604 1622 1674 1685 1703 1712 1717 1747 1782 1790 1818 1838 1867 1916 1939 1952 2064 2133 2177 2240 2241 2261 2375 2405 2527 2654 2680 2710 2745 2773 2807 2811 2826 2867 2909 2961 3099 3139 3220 3268 3287 3291 3307 3308 3322 3323 3337 3372 3446 3516 3590 3603 3630 3673 3754 3795 3826 3827 3862 3903 3913 3970 4002 4019 4032 4035 4050 4090 4099 4197 4249 4277 4306 4348 4399 4428 4446 4477 4503 4520 4670 4690 4710 4728 4749 4783 4794 4830 4847 4911 4935 5026 5124 5155 5165 5190 5432 5481 5496 5617 5621 5681 5691 5732 5755 5792 5811 5864 5874 6017 6037 6048 6097 6106 6124 6181 6196 6243 6306 6387 6432 6479 6498 6581 6619 6705 6790 6805 6845 7034 7036 7073 7109 7148 7222 7232 7240 7249 7409 7585 7708 7724 7735 7742 7774 7833 7846 7916 8036 8096 8229 8279 8288 8351 8469 8496 8532 8580 8665 8671 8677 8758 8786 8827 8864 8880 8927 8969 8985 9128 9146 9217 9329 9332 9421 9437 9487 9651 9746 9818 9901 9934 10043 10088 10136 10167 10186 10252 10378 10426 10442 10443 10563 10591 10635 10653 10769 10811 10839 10847 11032 11038 11073 11138 11252 11386 11409 11445 11458 11530 11569 11589 11629 11762 11809 11856 11966 11988 12060 12100 12117 12166 12200 12268 12382 12436 12442 12543 12545 12568 12592 12989 13040 13186 13213 13273 13311 13331 13737 13800 13801 13823 13968 14024 14086 14556 14628 14733 14825 15003 15087 15205 15241 15323 15387 15485 15508 15511 15555 15656 15671 15789 15804 15820 15911 16025 16076 16115 16189 16309 16561 16771 16852 16880 16977 17138 17197 17245 17251 17348 17384 17385 17433 17555 17592 17624 17708 17789 17867 17985 18029 18040 18055 18096 18282 18529 18739 18744 18846 18869 18891 19152 19286 19365 19504 19518 19884 20108 20128 20161 20173 20230 20473 20502 20563 20671 20751 20755 20916 21171 21315 21495 21570 21574 21642 21694 21715 21749 21809 21885 21986 21995 22002 22091 22263 22302 22364 22429 22813 23003 23089 23201 23284 23929 24023 24040 24114 24348 24353 24388 24420 24530 24850 44533 44541 44580 44599 44647 44665 44693 44696 44709 44721 44729 44736 44747 44773 44788 44801 44803 44804 44829 44838 44851 44867 44869 44872 44876 44887 44888 44900 44920 44924 44930 44935 44955 44956 44964 44970 44971 44974 45005 45007 45013 45019 45020 45021 45024 45053 45061 45063 45064 45068 45069 45079 45103 45117 45142 45147 45152 45159 45170 45176 45180 45181 45205 45230 45234 45237 45251 45257 45265 45267 45268 45276 45280 45281 45287 45296 45297 45298 45305 45307 45310 45311 45314 45329 45333 45341 45345 45350 45357 45358 45360 45361 45369 45373 45382 45390 45391 45394 45404 45413 45416 45419 45422 45439 45441 45442 45443 45445 45446 45451 45468 45470 45474 45475 45482 45483 45498 45504 45509 45511 45523 45534 45535 45537 45543 45544 45548 45554 45560 45563 45565 45567 45568 45569 45574 45576 45577 45581 45591 45594 45604 45613 45616 45625 45629 45630 45632 45642 45650 45651 45662 45664 45665 45668 45669 45677 45678 45684 45686 45687 45699 45703 45706 45708 45710 45715 45722 45728 
	}
	buildings_max_level_factor=1.000
        manpower=0
        state_category = town
}
