state={
	id=469
	name="STATE_469"
	provinces={
		25 57 146 149 164 273 308 321 342 382 501 513 555 603 691 706 707 730 766 910 944 975 980 1042 1046 1066 1075 1107 1220 1254 1352 1359 1391 1450 1510 1516 1657 1844 1853 1875 1928 1972 1979 1984 2034 2161 2163 2268 2379 2399 2412 2540 2613 2778 2805 2818 2846 2882 2918 3278 3280 3306 3317 3361 3394 3504 3775 3867 3918 4136 4198 4321 4351 4368 4413 4534 4564 4610 4621 4660 4696 4843 4887 4896 4898 5099 5109 5156 5221 5240 5283 5327 5353 5418 5450 5527 5549 5726 5780 6018 6072 6195 6316 6434 6571 6663 6665 6669 6782 6787 6802 6840 6863 6924 6959 6967 7010 7016 7067 7242 7280 7446 7601 7770 7893 7969 8036 8326 8385 8411 8438 8440 8497 8545 8552 8607 8658 8686 8740 8958 9172 9335 9372 9445 9528 9669 9677 9724 9838 10032 10103 10326 10329 10434 10511 10636 10687 10950 11258 11349 11534 11684 11709 11766 11835 12051 12065 12086 12088 16083 16180 16204 16218 16274 16310 16316 16343 16376 16377 16384 16388 16442 16494 16505 16524 16526 16560 16589 16600 16623 16629 16634 16641 16650 16659 16667 16670 16690 16697 16703 16734 16773 16785 16796 16806 16817 16839 16842 16876 16881 16901 16974 
	}
	history={
        owner = RUS
        add_core_of = RUS 
		buildings = {
			infrastructure = 3
			industrial_complex = 1
		}
    }
	buildings_max_level_factor=1.000
    manpower = 1000
    state_category = town
}
