state={
	id=47
	name="STATE_47"
	provinces={
		228 422 460 494 512 799 1012 1091 1144 1453 1551 1829 1948 2217 2477 2594 2668 3089 3102 3236 3851 3921 4020 4137 4300 4308 4684 4750 5217 5644 5733 6062 6146 6150 6554 6595 6659 6694 6769 6842 6988 6995 7028 7057 7127 7166 7324 7423 7497 7564 7805 8012 8070 8338 8573 8610 8639 8735 8878 9145 9308 9508 9871 10000 10063 10482 10731 10757 10815 12171 12192 12202 12251 12261 12462 12640 12838 12870 13078 13193 13200 13221 13392 13543 13560 13625 13982 14425 14517 14778 14930 15041 15081 15657 15674 16002 16471 16472 16789 16996 17185 17230 17434 17803 18322 18430 18750 19176 19667 19697 19748 19793 19892 19918 20478 20544 21350 21498 21752 21892 22187 22865 23535 23736 24381 24610 24627 25877 25890 25993 26019 26059 26082 26120 26125 26131 26136 26152 26201 26214 26218 26225 26238 26243 26244 26261 26297 26311 26325 26337 26347 26348 26357 26358 26366 26367 26379 26387 26391 26397 26430 26444 26455 26472 26486 26494 26501 26502 26521 26522 26530 26541 26553 26574 26575 26578 26592 26609 26621 26646 26655 26683 26694 26737 26761 26762 26772 26784 26829 26853 26854 26873 26895 26928 26929 26944 26948 26975 26976 27001 27012 27013 27045 27079 27088 27115 27128 27153 27162 27170 27205 27211 27223 27250 27281 27303 27314 27342 
	}
	buildings_max_level_factor=1.000
        manpower=0
        state_category = town
}
