state={
	id=480
	name="STATE_480"
	provinces={
		61 277 622 797 1069 1436 1714 2893 3073 3197 3272 3412 3628 3693 4268 4992 5251 5263 5315 5343 5409 5551 6232 6239 6509 6696 7268 8230 8570 8759 9459 9542 9586 9681 9690 9925 9990 10319 10343 10355 10763 10848 10921 10935 11303 11470 12023 12315 13145 13402 13517 13587 13590 13794 14809 14845 14937 15426 15998 16182 16381 16840 16867 18887 19204 20541 20821 21763 22278 22297 22337 23824 24332 24579 24983 45084 45129 45131 45155 45173 45201 45214 45216 45219 45253 45254 45284 45285 45290 45313 45338 45352 45363 45377 45411 45418 45449 45455 45492 45494 
	}
	buildings_max_level_factor=1.000
        manpower=0
        state_category = town
}
