state={
	id=487
	name="STATE_487"
	provinces={
		71 771 774 801 811 821 830 984 1283 1310 1576 1612 1890 1966 1970 2075 2176 2238 2629 2636 2637 2863 2910 3129 3145 3219 3449 3937 4011 4052 4063 4073 4079 4117 4736 4822 4840 5028 5122 5124 5153 5223 5315 5668 5689 5884 6421 6484 6763 6923 6943 6956 7727 7935 8215 8316 8501 8743 9170 9241 9373 9767 9870 10023 10373 10527 10583 10593 11149 11583 11944 16317 16331 16358 16436 16448 16541 16567 16664 16754 16757 16767 16808 16886 16907 16993 
	}
	history={
        owner = ROM
        add_core_of = ROM 
		buildings = {
			infrastructure = 3
			industrial_complex = 1
		}
    }
	buildings_max_level_factor=1.000
    manpower = 1000
    state_category = town
}
