state = {
	id=488
	name="STATE_488"
    resources = {
        oil = 76
    }
	provinces={
		24 27 63 79 86 90 105 119 135 145 151 171 174 271 297 315 348 405 418 436 483 509 582 585 595 657 675 749 776 851 856 869 883 952 977 990 1032 1078 1226 1255 1268 1470 1517 1544 1593 1663 1699 1792 1809 1824 1833 1878 1941 1994 2132 2137 2168 2190 2249 2339 2359 2404 2458 2509 2531 2535 2761 2790 2890 2896 2914 3057 3068 3073 3137 3172 3182 3193 3239 3263 3292 3396 3436 3453 3466 3565 3645 3670 3680 3735 3866 3910 4387 4462 4482 4618 4694 4726 4732 4753 4807 4856 4969 4978 5001 5161 5258 5274 5419 5434 5628 5685 5698 5727 5870 5883 5915 5935 5956 5957 5967 5973 6068 6087 6091 6097 6099 6160 6235 6306 6356 6466 6547 6565 6584 6655 6670 6707 6718 6769 6839 6993 7048 7063 7133 7205 7248 7261 7293 7335 7355 7377 7383 7444 7508 7517 7560 7685 7829 7942 7946 8157 8211 8255 8256 8270 8300 8327 8364 8515 8836 8868 9097 9224 9512 9637 9794 9886 10057 10101 10137 10228 10327 10381 10449 10560 10617 10653 10770 10811 10829 10977 11549 11588 11819 11866 11868 11880 12012 16194 16242 16467 16472 16485 16501 16579 16604 16608 16622 16626 16631 16645 16668 16677 16707 16745 16775 16790 16812 16855 16858 16912 16938 16962 16963 16981 16982 16989 17004 17011 17014 17027 17032 17048 17051 17105 17122 17131 17145 18138
	}
	history={
        owner = ROM
        add_core_of = ROM 
		buildings = {
			infrastructure = 3
			industrial_complex = 1
		}
    }
	buildings_max_level_factor=1.000
    manpower = 2365242
    state_category = town
}
