state={
	id=49
	name="STATE_49"
	provinces={
		100 197 338 386 388 704 713 1187 1484 1646 1671 2330 2448 2544 3101 3675 4191 5975 7242 7617 8002 8670 8721 8813 9276 9777 10103 10143 10228 10298 11224 11323 11451 11759 12105 13439 13644 13952 14003 14691 15903 16255 16419 17907 18006 18094 18181 18598 18692 19578 19584 20375 21011 21329 21803 22138 22863 23177 23986 24133 24532 24643 25901 25941 25948 25982 25983 26005 26036 26051 26058 26081 26117 26119 26157 26167 26171 26206 26223 26272 26273 26293 26434 26540 26852 26922 26966 27009 27092 27216 27300 
	}
	buildings_max_level_factor=1.000
        manpower=0
        state_category = town
}
