state={
	id=491
	name="STATE_491"
	provinces={
		9 92 199 488 637 695 800 803 982 1432 1657 1951 2123 3083 3142 3369 3493 3502 3529 3537 3593 3646 3813 3919 4010 4280 4350 4385 4561 5039 5111 5169 6053 6461 6952 6984 7000 7156 7597 8446 8698 9019 9142 9356 9856 9858 9860 9910 10060 10066 10115 10842 10984 11006 11446 12179 12795 12865 13349 13372 13902 13986 14221 14886 15120 15203 15526 15548 15887 17137 17423 17460 18434 18473 18561 18760 20667 20742 21042 21096 23370 24071 45193 45204 45217 45238 45242 45245 45263 45269 45282 45291 45292 45295 45315 45321 45349 45368 45370 45387 45399 45407 45408 45430 45432 45436 45437 45447 45452 45500 45516 
	}
	buildings_max_level_factor=1.000
        manpower=0
        state_category = town
}
