state = {
	id=492
	name="STATE_492"
	provinces={
		221 855 1095 1793 1973 2104 2307 2341 2597 3007 3713 3835 3874 3940 4204 4224 4737 5060 5326 5366 5529 6026 6504 6600 7044 7055 7166 7257 7346 7760 8009 8045 8059 8262 8354 8566 8791 8832 9111 9206 9212 9309 9326 9386 9698 9707 10190 10198 10221 10348 10812 10903 11028 11074 11104 11209 11394 11411 11429 11438 11506 11713 11937 12007 16145 16167 16205 16307 16318 16364 16400 16445 16451 16463 16491 16518 16534 16568 16569 16575 16581 16605 16616 16639 16658 16693 16718 16746 16751 16755 18127 18132
	}
history= {
		owner = UKR
		add_core_of = UKR
				add_extra_state_shared_building_slots = 5
buildings = {
			infrastructure = 3
			industrial_complex = 2
			arms_factory = 0
		}
	}
	buildings_max_level_factor=2.000
    manpower=180694
    state_category = town
}
