state={
	id=495
	name="STATE_495"
	provinces={
		11 66 263 362 380 442 502 617 708 711 980 1076 1081 1410 1537 1573 1590 1616 1795 1862 2168 2180 2395 2583 2768 2799 2824 2900 3205 3357 3619 3623 3789 3834 4244 4565 4578 4668 4906 5173 5267 5323 5825 5876 5985 6269 6335 6360 6577 6717 6886 6915 6962 7143 7335 7431 7450 7522 7918 7961 8257 8329 8549 8718 8736 8846 9801 10038 10616 10817 11380 12352 12539 12978 13368 14262 14676 14785 15001 15334 15483 15563 17124 17244 17991 18197 18399 18482 18849 19517 19561 19585 19854 20830 21907 22163 23111 24355 45235 45260 45272 45300 45323 45339 45400 45423 45426 45458 45461 45489 45506 45513 45514 45549 45556 45573 45583 45608 45620 45635 
	}
	buildings_max_level_factor=1.000
        manpower=0
        state_category = town
}
