state={
	id=496
	name="STATE_496"
	provinces={
		24 204 419 426 563 573 599 712 735 789 829 1017 1103 1248 1332 1350 1572 1615 1647 1777 1890 2144 2163 2346 2351 3371 3383 3451 3459 3538 3639 3771 3811 3892 4142 4163 4431 4490 4661 5376 5540 5580 5587 5601 5889 6205 6225 6610 6712 6882 7578 7579 7956 8347 8604 8778 8848 8963 9458 9653 9689 9836 9877 9961 9972 10040 10213 10334 10398 10647 10691 10718 11035 11041 13315 13565 13713 13747 14077 14143 14637 14732 14934 15109 15114 15842 16039 17213 17457 17868 18321 18333 18554 18555 18642 19325 20232 20539 20736 20957 21812 22330 22949 23085 23777 24727 45187 45213 45231 45274 45275 45293 45324 45334 45351 45364 45380 45398 45420 45444 45448 45456 45459 45465 45499 45507 45528 45575 45588 45592 45628 45636 45656 
	}
	buildings_max_level_factor=1.000
        manpower=0
        state_category = town
}
