state={
	id=5
	name="STATE_5"
	provinces={
		106 318 359 384 453 577 643 648 670 813 876 1048 1104 1142 1171 1175 1181 1214 1271 1281 1367 1394 1496 1526 1638 1673 1675 1707 1708 1734 1803 1922 1962 2125 2135 2193 2262 2269 2355 2505 2618 2704 2715 2720 3109 3155 3169 3326 3437 3599 3650 3793 3963 4008 4132 4201 4230 4361 4481 4498 4695 4715 5151 5219 5307 5342 5470 5524 5559 5772 5777 5816 6187 6552 6669 6905 6932 6938 6969 6970 7302 7530 7583 7806 7891 8167 8215 8269 8792 9481 9519 9594 10243 10422 10770 10787 11078 11141 11230 11573 12077 12113 12252 12993 13232 13518 13654 13661 13777 13948 13972 14624 14674 14948 15529 15814 15943 16141 16298 16926 17064 18053 18258 18314 18587 19004 19010 19409 19559 20090 20476 21194 22985 23304 23644 23833 23896 23950 24003 24351 24374 24383 24452 24679 24803 25016 25039 25073 25090 25094 25104 25117 25128 25136 25139 25145 25148 25183 25195 25199 25212 25214 25230 25243 25262 25300 25332 25335 25359 25367 25379 25398 25400 25437 
	}
	buildings_max_level_factor=1.000
        manpower=0
        state_category = town
}
