state = { 
	id = 50 
	name = "STATE_50" 
	manpower = 107146 
	
	state_category = town 
	buildings_max_level_factor = 2 
	history = { 
		owner = UKR 
		
		buildings = { 
			industrial_complex = 1
			arms_factory = 0
			infrastructure = 3 
		}
		
		add_core_of = UKR 
	}
	provinces = { 272 322 602 740 798 839 1060 1832 1841 1903 2072 2134 2158 2187 2272 2333 2354 3104 3221 3414 3627 4085 4146 4322 4409 4487 5086 5096 5296 5337 5360 5361 5623 5648 6468 6657 6710 6819 6887 6958 7128 7308 7322 7796 7995 8015 8024 8025 8426 8523 8651 8653 8665 9128 9137 9173 9464 9496 9596 9633 9638 9743 9777 10152 10380 10402 10656 10737 10831 10846 11010 11057 11145 11421 11732 11902 12063 12084 12089 12464 12466 12472 12475 12486 12487 12492 12495 12507 12508 12516 12517 12520 12535 12539 12557 12571 12582 12588 12590 12593 12604 12606 12607 12612 12623 12634 12642 12659 12662 12666 12667 12670 12683 12685 12688 12689 12702 12706 12707 12710 12719 12725 12728 12729 12730 12737 12747 12756 12757 12814 12828 12829 12843 12855 12856 12857 12867 12884 12888 12891 }
}
