state={
	id=505
	name="STATE_505"
	provinces={
		69 76 129 179 188 223 229 417 571 591 624 650 671 706 750 891 945 1101 1112 1392 1548 1559 1718 1757 1911 1917 1931 2056 2097 2137 2140 2182 2192 2243 2290 2678 2717 2721 2898 2925 3025 3040 3044 3118 3275 3467 3484 3540 3689 3763 3803 3880 3883 4138 4380 4495 4534 4698 5046 5050 5089 5201 5212 5371 5423 5435 5504 5694 5707 5802 5902 5903 6043 6238 6389 6503 6517 6567 6574 6657 6663 6841 6963 7050 7123 7181 7253 7260 7459 7507 7592 7614 7644 7660 7994 8008 8079 8352 8414 8435 8486 8533 8564 8585 8586 8753 8853 9285 9327 9334 10405 10465 10481 10538 10637 10816 11195 11301 11437 11883 12211 12248 12263 12346 12804 12828 13077 13172 13446 13485 13978 14115 14241 14417 14513 14559 14635 14828 15420 15623 15833 15907 16218 17113 17682 17697 18144 18272 18534 18623 18784 19166 19236 19693 19699 19737 20112 20174 20380 20779 20837 20862 20977 21154 21173 21430 21500 21619 22168 22283 22561 22695 22855 22895 23342 23423 23704 24028 24653 45412 45460 45467 45477 45479 45490 45496 45497 45508 45510 45515 45521 45525 45530 45536 45541 45557 45558 45559 45578 45584 45597 45598 45599 45601 45609 45611 45618 45623 45627 45631 45638 45645 45652 45655 45659 45660 45661 45672 45674 45680 45681 45685 45689 45692 45701 45702 45713 45717 45718 45721 45726 
	}
	buildings_max_level_factor=1.000
        manpower=0
        state_category = town
}
