state={
	id=51
	name="STATE_51"
	provinces={
		187 513 614 819 899 1087 1376 1900 2326 2402 3842 4150 4349 4549 4894 6234 6247 6296 7415 8019 8828 9177 9376 9640 9775 9950 10118 10372 10794 11299 11651 12423 12526 12613 13032 13250 13584 15130 15647 15956 16169 17513 18140 18174 18363 18930 19329 20352 20600 20772 20836 21183 21372 21832 22157 22158 22577 22737 22738 22850 22990 23788 24589 24834 25857 25878 25926 25942 25957 25959 26006 26027 26093 26096 26158 26216 26260 26319 26343 26371 26386 26424 26435 26442 26443 26485 26514 26529 26565 26566 26572 26598 26608 26616 26626 26650 26676 26679 26709 26724 26760 26783 26805 26886 26959 27000 
	}
	buildings_max_level_factor=1.000
        manpower=0
        state_category = town
}
