state={
	id=510
	name="STATE_510"
	provinces={
		64 206 477 587 623 647 665 777 830 1578 1617 1727 1783 2113 2451 2586 2628 2766 3079 3239 3583 3684 4036 4291 4336 4381 4943 5313 5499 6022 6165 6672 6978 7278 7853 7980 8458 8470 8640 9234 9488 9529 9941 10271 10276 10865 10982 11343 11406 11572 11755 12153 12561 13112 13299 13388 13407 13465 13822 13942 15158 15248 15838 16300 16367 16904 17142 18864 20162 20983 21755 22987 23280 23987 24690 45435 45454 45476 45480 45488 45519 45540 45546 45551 45552 45566 45570 45571 45572 45580 45589 45600 45610 45617 45633 45637 45644 45649 45657 45658 45682 45690 45707 45725 
	}
	buildings_max_level_factor=1.000
        manpower=0
        state_category = town
}
