state={
	id=531
	name="STATE_531"
	provinces={
		22 51 159 172 239 427 444 562 596 598 612 722 773 786 831 843 858 859 928 973 1001 1096 1156 1205 1259 1399 1493 1584 1612 1630 1756 1786 1882 1963 2050 2122 2191 2324 2332 2361 2384 2416 2449 2796 2830 2839 2947 3121 3154 3219 3254 3334 3429 3475 3515 3550 3587 3608 3622 3640 3669 3808 3930 4030 4095 4100 4119 4146 4226 4242 4424 4463 4582 4662 4833 4917 5095 5180 5187 5191 5234 5262 5273 5346 5478 5619 5633 5685 5731 5771 5796 5808 5844 5871 6092 6104 6153 6210 6313 6398 6470 6476 6502 6686 6752 6947 7167 7288 7347 7521 7613 7832 7905 8097 8221 8246 8412 8478 8529 8949 9054 9154 9176 9189 9301 9415 9498 9510 9540 9616 9620 9662 9674 9680 9714 9761 9808 9955 9992 10022 10182 10293 10317 10479 10524 10544 10549 10729 10747 10819 10884 10926 11004 11025 11052 11055 11373 11485 11515 11534 11748 11807 12008 12031 12091 12165 12233 12288 12486 12590 12666 12675 12695 12712 12726 12889 13028 13152 13305 13344 13406 13449 13467 13476 13589 13613 13709 13776 13790 13885 13928 14213 14375 14614 14636 14644 14707 14758 14793 14993 15125 15162 15234 15345 15356 15404 15405 15622 15706 15990 16045 16165 16440 16869 16882 17003 17036 17143 17293 17306 17326 17361 17380 17524 17561 17615 17746 17950 18011 18092 18134 18159 18189 18276 18290 18308 18373 18896 18913 18964 18997 19044 19088 19124 19213 19295 19355 19382 19414 19479 19516 19536 19665 19728 19830 19862 19872 19917 20157 20160 20168 20402 20526 20586 20727 20770 20777 20789 20898 20903 21087 21112 21114 21240 21343 21428 21578 21620 21842 21958 22414 22470 22482 22529 22576 22623 22710 22804 22849 22872 22901 23096 23251 23349 23398 23526 23616 23721 23979 24152 24425 24558 24801 24822 25661 25678 25682 25700 25702 25703 25715 25721 25740 25750 25755 25761 25767 25785 25799 25800 25810 25818 25833 25836 25840 25842 25863 25883 25896 25903 25905 25912 25927 25930 25931 25940 25949 25953 25956 25962 25984 25994 25999 26008 26023 26033 26055 26060 26064 26067 26071 26076 26113 26123 26142 26146 26160 26165 26179 26188 26189 26208 26209 26241 26287 26359 26375 26380 26425 26439 26461 26465 26510 26535 26547 26556 26590 26638 26663 26682 26699 26720 26727 26735 26739 26748 26752 26757 26774 26792 26824 26833 26839 26846 26847 26858 26935 26977 27015 27022 27033 27039 27040 27122 27131 27137 27172 27184 27213 27218 27238 27243 27254 27265 27271 27307 27318 27333 27346 27357 27402 27413 27426 27440 27498 27503 27518 27542 27543 27591 27592 27613 27614 27621 27629 27717 27745 27782 27827 27847 27866 27888 27897 27940 27978 27979 28033 28130 
	}
	buildings_max_level_factor=1.000
        manpower=0
        state_category = town
}
