state={
	id=533
	name="STATE_533"
	provinces={
		85 661 814 842 1061 1289 1591 1831 1858 2228 2254 2884 3246 3621 3750 4238 4274 4515 4998 5501 5574 5760 5819 5934 6214 6471 6913 6966 6992 7701 7730 8064 8123 8502 8621 8703 9503 9577 9654 10007 10619 10644 10826 10843 11075 11191 11208 11267 11378 11621 11843 11899 12070 12528 12556 12914 12968 13431 13469 13550 13845 14124 14156 14542 14570 14772 14794 14917 15253 15666 15938 16677 16878 16917 17252 17793 17957 18257 18558 19090 19119 20083 20178 20275 20311 20488 20660 20705 20739 20790 20949 21018 21243 21342 21353 21548 21648 22028 22033 22845 22944 22964 23094 23113 23320 23338 23427 23555 23559 23864 23892 23932 24435 24485 24565 24972 25004 26700 26740 26741 26782 26785 26801 26915 26916 26927 26953 26981 27041 27075 27104 27105 27164 27165 27177 27214 27225 27231 27240 27245 27267 27285 27319 27335 27359 27380 27381 27382 27383 27428 27434 27442 27506 27519 27537 27555 27564 27593 27594 27600 27601 27630 27646 27677 27678 27693 27736 27743 27800 27813 27818 27828 27870 27882 27883 27884 27885 27906 27907 27950 27951 27952 27953 27997 28004 28035 28047 28048 28049 28075 28196 28250 28261 28267 28294 28342 28380 28467 28569 28606 
	}
	buildings_max_level_factor=1.000
        manpower=0
        state_category = town
}
