state={
	id=534
	name="STATE_534"
	provinces={
		99 157 279 309 418 452 855 874 884 931 1080 1597 1695 1837 1898 1945 2015 2124 2127 2146 2263 2305 2517 2603 2797 2827 3019 3141 3162 3267 3374 3439 3455 3468 3504 3620 3656 3681 3688 3799 3809 3816 3906 3922 4190 4321 4334 4345 4535 4644 4722 4932 5138 5239 5286 5319 5326 5345 5562 5654 5686 6015 6058 6064 6102 6257 6431 6457 6481 6512 6594 6664 7110 7190 7340 7558 7728 7920 8124 8134 8198 8220 8546 8605 8805 9060 9101 9106 9123 9138 9311 9371 9405 9598 9660 9933 9939 9965 10150 10428 10478 10564 10581 10693 10720 10823 10858 11008 11205 11246 11646 11737 11837 11982 11991 12213 12247 12366 12487 12503 12927 13037 13199 13256 13320 13377 13507 13727 13971 14335 14593 14649 14724 14812 15179 15207 15314 15462 15625 15690 15692 15782 16129 16132 16219 16235 16348 16423 16458 16516 16534 16591 16927 16942 16973 17147 17307 17317 17352 17470 17617 17629 17872 17946 18065 18364 18468 18689 18797 18828 18837 18868 18998 19007 19118 19145 19151 19186 19408 19413 19875 19953 20003 20054 20164 20308 20313 20505 20866 20963 21027 21196 21324 21362 21402 21469 21499 21569 21762 22452 22792 22973 22978 23213 23396 23431 23452 23663 23672 23748 23758 23837 23960 24031 24199 24431 24600 26383 26398 26464 26480 26542 26601 26628 26634 26652 26660 26671 26672 26717 26718 26719 26764 26780 26789 26807 26816 26817 26818 26821 26830 26831 26863 26881 26887 26888 26912 26913 26925 26926 26950 26960 26983 26989 26993 27002 27014 27046 27056 27068 27069 27080 27094 27102 27110 27129 27142 27171 27198 27252 27289 27290 27304 27315 27345 27349 27356 27372 27398 27399 27404 27405 27423 27424 27433 27467 27475 27514 27534 27606 27627 27635 27636 27637 27654 27665 27686 27707 27715 27731 27732 27740 27780 27825 27835 27844 27864 27879 27913 27914 27915 27961 27973 27974 27993 28022 28023 28029 28043 28067 28101 28102 28115 28116 28140 28169 28170 28188 28202 28207 28225 28226 28257 28276 28277 28279 28315 28324 28333 28377 28424 28425 28426 28457 28473 28497 28509 28545 28552 28587 28615 28616 28625 28641 28660 28675 28676 28690 28691 28770 28782 28792 28800 28822 28852 28877 28922 28937 28963 29045 29086 29164 29228 29263 29397 29412 29560 
	}
	buildings_max_level_factor=1.000
        manpower=0
        state_category = town
}
