state={
	id=535
	name="STATE_535"
	provinces={
		53 56 456 501 588 641 686 741 820 849 956 1068 1098 1143 1330 1442 1480 1535 1641 1965 1977 1988 2024 2101 2343 2488 2595 2605 2609 2749 2895 3016 3098 3306 3309 3342 3612 3643 3661 3778 3797 3837 3853 3856 3939 3995 4055 4128 4189 4221 4266 4293 4326 4338 4440 4601 4819 4891 4961 5043 5223 5606 5627 5671 5700 5741 5746 5823 5913 5973 6012 6020 6113 6262 6423 6487 6516 6537 6539 6763 6796 6803 6998 7112 7267 7451 7673 7744 7800 7888 7944 8045 8109 8187 8239 8275 8276 8593 8596 8623 8685 8695 8744 8854 8868 8976 8980 9305 9309 9355 9396 9443 9470 9743 9763 9929 10006 10104 10181 10247 10349 10519 10580 10621 10634 10645 10746 10919 10972 10985 10987 10994 11002 11047 11093 11164 11336 11346 11476 11480 11498 11526 11579 11610 11688 11697 11797 11930 11931 11936 12027 12044 12668 12710 12846 12869 12983 13001 13154 13283 13290 13303 13367 13380 13387 13458 13745 13750 13788 13847 13856 13903 14035 14076 14103 14199 14214 14240 14281 14573 14584 14589 14687 14910 14945 14958 14962 15064 15134 15144 15175 15272 15306 15318 15374 15394 15403 15440 15534 15630 15631 15741 15839 15841 15856 15868 15880 16005 16021 16096 16185 16272 16412 16549 16576 16655 17101 17131 17165 17173 17188 17382 17389 17597 17678 17812 17843 17911 17961 18021 18028 18031 18192 18194 18348 18381 18481 18630 18755 18822 18830 18876 18888 18977 18994 19056 19083 19087 19107 19112 19178 19247 19279 19340 19550 19568 19573 19951 19967 19989 20011 20019 20023 20040 20141 20222 20239 20270 20284 20340 20343 20472 20482 20522 20631 20634 20673 20730 20871 20921 20934 20948 21115 21181 21246 21303 21374 21409 21410 21492 21509 21515 21532 21606 21661 21788 21848 21881 22035 22076 22350 22399 22439 22541 22611 22879 22893 22976 22991 22995 23101 23115 23168 23169 23186 23297 23353 23380 23387 23439 23515 23650 23683 23703 23752 23856 23883 23981 23990 24055 24078 24130 24151 24186 24277 24287 24302 24318 24403 24443 24496 24517 24520 24551 24563 24586 24613 24618 24722 24844 24848 24867 24943 24989 26710 26797 26808 26819 26838 26882 26897 26898 26932 26961 26968 26984 26990 27003 27030 27031 27047 27063 27070 27089 27130 27136 27163 27192 27199 27200 27217 27235 27236 27237 27253 27282 27291 27297 27305 27323 27324 27325 27364 27389 27400 27401 27406 27425 27468 27469 27476 27477 27478 27483 27495 27515 27516 27535 27546 27572 27582 27607 27619 27628 27666 27674 27691 27741 27754 27755 27763 27764 27772 27811 27812 27816 27904 27934 27975 27976 27977 28009 28010 28053 28068 28084 28085 28103 28117 28161 28177 28208 28233 28246 28280 28281 28302 28303 28304 28316 28334 28386 28396 28397 28414 28415 28427 28428 28429 28462 28510 28521 28534 28535 28536 28537 28553 28588 28589 28603 28617 28666 28705 28712 28724 28758 28759 28783 28793 28794 28801 28802 28836 28853 28860 28861 28878 28899 28923 28938 28952 28964 28965 28982 29003 29018 29075 29087 29088 29102 29138 29139 29150 29165 29166 29177 29203 29238 29264 29301 29313 29314 29344 29345 29361 29378 29379 29391 29398 29454 29455 29456 29473 29474 29486 29487 29495 29540 29541 29561 29562 29573 29588 29589 29599 29600 29615 29632 29655 29656 29657 29658 29675 29687 29688 29705 29713 29714 29739 29740 29751 29752 29777 29811 29823 29824 29825 29841 29857 29899 29900 29911 29912 29913 29914 29924 29932 29953 29954 29955 29964 29965 29974 29975 29984 30010 30011 30025 30026 30027 30028 30029 30043 30063 30077 30078 30079 30107 30121 30122 30151 30152 30170 30171 30192 30193 30243 30280 30281 30282 30283 30291 30292 30305 30306 30319 30332 30333 30371 30372 30379 30380 30399 30420 30421 30434 30435 30436 30450 30451 30508 30525 30526 30545 30546 30563 30564 30575 30577 30612 30629 30647 30684 30686 30713 30715 30730 30749 30766 30781 30807 30808 30839 30852 30853 30913 30964 30965 30966 30991 30992 31022 31025 31036 31037 31153 31194 31195 31271 31325 31447 
	}
	buildings_max_level_factor=1.000
        manpower=0
        state_category = town
}
