state={
	id=536
	name="STATE_536"
	provinces={
		673 768 1186 1368 1937 2561 2882 3138 3421 3580 3749 3868 3956 3971 4013 4735 4800 4934 5186 5609 5979 6328 6400 6403 6743 6812 7044 7054 7637 7707 8421 8788 8999 9224 9297 9739 9768 10024 10430 10899 11159 11217 11472 11672 11779 13319 13527 13554 13574 13810 14572 15086 15103 15466 15540 15618 15844 15929 16216 16243 16353 16380 16425 16489 16895 17024 17525 17575 18457 19063 19647 19817 19997 20166 20448 20591 20659 20783 21365 21802 21943 22416 22426 22539 22564 22605 22790 22975 23224 23259 23573 24255 24294 24387 24646 24661 24757 24842 24903 27948 28087 28209 28210 28228 28264 28278 28305 28335 28336 28337 28366 28378 28416 28440 28464 28546 28576 28577 28634 28642 28667 28692 28713 28733 28746 28808 28838 28862 28863 28891 28892 28925 28939 28968 28969 28983 29077 29089 29204 29205 29206 29229 29303 29335 29336 29347 29432 29458 29542 29564 29565 29577 29592 29604 29661 29662 29677 29690 29707 29742 29827 29843 29867 29881 29882 29943 29967 29977 29996 30031 30082 30124 30154 30217 30308 30345 30359 30440 30472 30565 30690 30751 30841 30898 30993 31139 31174 31327 
	}
	buildings_max_level_factor=1.000
        manpower=0
        state_category = town
}
