state={
	id=537
	name="STATE_537"
	provinces={
		1387 3093 4560 4968 5507 5815 6545 6764 6890 7906 8273 8413 10096 10250 12524 12862 14822 15098 15274 16291 19027 19652 19908 20195 20335 21242 21306 21791 22609 23060 23203 24008 28054 28306 28524 28538 28619 28734 28900 29027 29288 29578 29778 29796 29828 29933 30066 30138 30195 30266 30293 30422 30453 30549 30630 30785 30930 30972 31007 31154 31298 31344 31502 31524 31525 31644 31645 31827 31962 
	}
	buildings_max_level_factor=1.000
        manpower=0
        state_category = town
}
