state={
	id=539
	name="STATE_539"
	provinces={
		468 1095 1395 1558 1722 1788 1847 1919 2032 2238 2854 3045 3344 4176 4235 4252 4355 4397 4507 4727 4758 4856 5164 5285 5374 5505 5637 5682 5748 6013 6224 6352 6372 6467 6501 6713 6735 6828 6876 7246 7425 7520 7593 7812 8014 8089 8349 8360 8368 8371 8769 8817 8899 9042 9326 9474 9587 9762 10077 10342 10733 10909 11560 11593 11911 11950 12187 12303 12308 12740 12786 12839 12936 12987 13804 13874 14207 14336 14558 15097 15231 15242 15264 15279 15287 15518 16091 16142 16168 16306 16408 16485 16498 16684 16688 16698 16770 16800 16941 17118 17154 17211 17297 17340 17442 17614 18036 18160 18622 18651 18882 18993 19130 19148 19549 19572 19617 19653 19857 19983 20260 20553 20761 21023 21046 21077 21528 21589 21592 21935 21985 22601 23075 23409 23626 23791 24047 24108 24196 24361 24809 24954 28590 28598 28651 28677 28678 28725 28760 28771 28784 28803 28804 28805 28806 28823 28879 28910 28924 28966 28967 29019 29035 29062 29103 29119 29120 29121 29122 29140 29151 29152 29167 29168 29191 29251 29252 29253 29302 29333 29346 29399 29413 29439 29440 29441 29488 29496 29506 29530 29574 29575 29590 29591 29601 29641 29659 29660 29689 29706 29724 29725 29753 29842 29866 29879 29925 29926 29942 29956 29995 30030 30044 30045 30064 30065 30080 30094 30108 30153 30172 30207 30216 30226 30244 30254 30307 30320 30357 30381 30437 30438 30452 30469 30486 30487 30500 30509 30547 30592 30613 30648 30687 30688 30731 30750 30768 30769 30782 30783 30809 30810 30819 30897 30914 30928 30946 30967 30968 31077 31091 31092 31105 31106 31120 31172 31213 31249 31250 31251 31272 31294 31341 31364 31467 
	}
	buildings_max_level_factor=1.000
        manpower=0
        state_category = town
}
