state={
	id=54
	name="STATE_54"
	provinces={
		140 282 291 323 349 457 1043 1092 1552 1686 1906 2069 2247 2328 2339 2394 2475 2862 3018 3503 3654 3662 4139 4162 4204 4416 5133 5344 5399 5576 5656 5935 6202 6426 6506 7236 7577 7798 7904 7926 7958 8211 8226 8307 8430 8438 8559 8991 9500 9511 9604 9830 10659 11119 11209 11366 11549 11640 11760 11903 12068 12235 12876 12906 12957 13338 13714 13738 13876 14184 14253 14329 14526 14615 14814 15002 15365 15437 15525 15670 15896 16104 16387 16421 16626 16631 16873 17643 18208 18726 19114 19380 20217 20241 20433 21035 21074 21189 21616 21761 21847 21872 21946 22184 22222 22410 22499 22719 23220 23859 24215 24507 24697 24847 25989 25990 26052 26053 26063 26070 26095 26112 26164 26169 26187 26226 26236 26249 26264 26284 26301 26316 26341 26346 26407 26460 26470 26505 26525 26534 26594 26662 26688 26713 26734 26738 26743 26744 26756 26791 26798 26823 26874 26880 26914 27004 27059 27082 27090 27096 27097 27116 27121 27201 27207 27230 27242 27306 27317 27326 27407 27439 27484 27517 27526 27548 27549 27583 27620 27667 27742 27797 27798 27935 27995 28045 28088 28104 28119 28127 28189 28211 28441 28442 28498 28626 
	}
	buildings_max_level_factor=1.000
        manpower=0
        state_category = town
}
