state={
	id=540
	name="STATE_540"
	provinces={
		1222 1322 1542 1569 2092 2917 4506 5927 6815 8482 8554 8903 9129 9268 9357 9403 10223 10685 10715 11051 11398 11653 12114 12155 12331 13034 13041 13076 13546 13605 13926 13958 14080 14941 15336 15830 17399 17754 17886 18191 18288 18472 18960 19463 19621 19755 19940 20202 20294 21062 21562 21756 22395 22582 22818 22910 22938 23064 23226 23906 24116 24262 28953 28954 29004 29076 29141 29287 29334 29400 29414 29431 29457 29475 29563 29576 29602 29603 29676 29726 29741 29826 29880 29966 29976 30012 30046 30081 30123 30137 30194 30265 30321 30358 30439 30470 30471 30488 30510 30548 30649 30650 30689 30716 30732 30784 30820 30840 30856 30929 30947 30969 30970 30971 31006 31056 31121 31136 31137 31138 31173 31273 31296 31297 31316 31343 31379 31449 31450 31469 31544 31559 31560 31594 31595 31643 31679 31703 31723 31806 31899 31900 31939 32079 32115 32116 
	}
	buildings_max_level_factor=1.000
        manpower=0
        state_category = town
}
