state={
	id=542
	name="STATE_542"
	provinces={
		101 136 137 326 608 620 707 761 985 1238 1595 1741 2036 2068 2153 2155 2157 2170 2300 2321 2378 2627 2989 2993 3039 3165 3200 3597 3645 3854 3972 3982 3983 3996 4129 4153 4368 4387 4437 4537 4686 4748 4841 4980 5098 5154 5179 5210 5297 5299 5337 5397 5453 5599 5652 5782 5790 6027 6085 6160 6195 6404 6649 6668 6678 6850 6880 6901 6910 6975 6993 7021 7058 7088 7228 7374 7588 7641 7680 7694 7712 7726 7736 7788 7795 7814 7979 7998 8111 8253 8422 8511 8537 8548 8867 9158 9164 9236 9454 9547 9567 9726 9727 9936 9944 10010 10125 10152 10190 10224 10227 10321 10323 10409 10611 10643 10682 10684 10775 10877 10894 11018 11020 11076 11201 11238 11272 11384 11389 11457 11594 11599 11631 11664 11668 11828 11864 11928 11987 11999 12174 12269 12272 12418 12420 12446 12494 12521 12525 12677 12719 13002 13013 13056 13167 13247 13259 13276 13328 13420 13512 13529 13549 13634 13655 13742 13757 13811 13932 14074 14128 14348 14442 14519 14525 14564 14595 14610 14673 14752 14782 14900 14972 15007 15200 15250 15277 15303 15384 15421 15530 15679 15708 15970 16012 16100 16136 16194 16370 16432 16479 16528 16536 16673 16760 16773 16858 16868 16876 17108 17299 17310 17333 17468 17531 17668 17713 17747 17750 17760 17810 17900 17964 18005 18075 18116 18165 18185 18221 18256 18277 18359 18371 18372 18553 18626 18672 18724 18740 18752 18759 18825 18853 18858 18928 19003 19026 19068 19231 19260 19304 19335 19384 19452 19554 19586 19615 19660 19674 19689 19750 19825 19999 20013 20045 20117 20329 20351 20441 20467 20468 20533 20654 20692 20798 20856 20861 20942 21102 21150 21198 21218 21316 21360 21404 21476 21483 21581 21633 21653 21691 21737 21828 21861 21918 21944 21988 22203 22280 22384 22424 22458 22468 22556 22559 22566 22670 22674 22675 22684 22709 22846 22851 22861 22899 23014 23044 23125 23174 23175 23261 23339 23518 23524 23718 23754 23930 23999 24011 24098 24099 24144 24214 24261 24371 24412 24427 24432 24480 24698 24733 24758 24830 24896 24970 30048 30049 30179 30425 30441 30514 30529 30596 30597 30614 30697 30770 30789 30811 30860 30877 30878 30879 30916 30934 30950 30975 30995 31026 31041 31059 31078 31079 31107 31124 31125 31140 31141 31142 31143 31144 31178 31200 31201 31202 31214 31215 31232 31254 31255 31278 31279 31301 31329 31330 31347 31348 31382 31418 31419 31431 31470 31471 31472 31489 31504 31505 31527 31528 31546 31547 31548 31565 31578 31579 31599 31609 31610 31611 31612 31630 31646 31657 31658 31691 31692 31706 31729 31730 31756 31773 31786 31787 31809 31810 31843 31853 31854 31877 31878 31879 31880 31901 31902 31924 31925 31926 31943 31963 31964 31981 31982 31999 32016 32026 32027 32047 32048 32068 32069 32070 32080 32098 32141 32142 32143 32168 32169 32170 32171 32186 32203 32218 32219 32237 32238 32239 32267 32268 32296 32310 32330 32331 32353 32354 32355 32369 32384 32385 32398 32399 32400 32401 32420 32438 32439 32455 32456 32492 32493 32494 32511 32524 32540 32541 32542 32556 32557 32558 32575 32594 32595 32596 32616 32617 32636 32637 32653 32667 32668 32669 32684 32704 32716 32717 32729 32750 32762 32763 32786 32806 32807 32808 32809 32826 32842 32853 32854 32879 32914 32915 32916 32917 32935 32963 32964 32983 33001 33019 33031 33044 33078 33096 33121 33166 33178 33197 33198 33221 33239 33240 33241 33259 33260 33261 33262 33280 33309 33310 33311 33328 33340 33341 33361 33362 33363 33382 33395 33396 33412 33413 33434 33478 33498 33499 33513 33514 33563 33564 33590 33591 33624 33625 33641 33642 33643 33679 33712 33752 33797 33815 33840 33841 33854 33868 33899 33900 33929 33950 33967 33968 34003 34029 34030 34070 34090 34091 34104 34128 34129 34130 34146 34159 34160 34185 34235 34267 34268 34269 34270 34290 34308 34309 34322 34323 34339 34340 34362 34392 34413 34444 34459 34460 34461 34490 34505 34554 34594 34640 34641 34657 34678 34711 34712 34730 34760 34811 34827 34828 34849 34885 34886 34918 34970 34992 35004 35022 35023 35048 35063 35083 35150 35168 35183 35201 35217 35241 35283 35333 35334 35335 35355 35401 35425 35426 35443 35444 35462 35463 35484 35540 35560 35561 35609 35610 35649 35697 35698 35715 35754 35755 35776 35791 35800 35880 35881 35898 35935 35954 35955 35972 36041 36042 36091 36128 36166 36200 36249 36250 36319 36374 36422 36438 36450 36556 36557 36582 36610 36743 36760 36786 37038 37126 37281 37296 37469 
	}
	buildings_max_level_factor=1.000
        manpower=0
        state_category = town
}
