state={
	id=543
	name="STATE_543"
	provinces={
		221 583 674 727 1352 1443 1909 2074 2447 2983 3396 3442 3505 3527 3728 4263 5096 5837 6250 6395 6480 6746 7421 7771 7780 7782 7973 7975 8020 8084 8119 8392 8802 9045 9069 9208 9596 9698 9708 9958 10053 10675 10705 10923 10945 11131 11506 11818 12240 12282 12502 12517 12531 12544 12611 12921 13055 13228 13240 13716 13814 13997 14012 14256 14334 14337 14520 14813 14883 15278 15566 15638 15787 16098 16125 16247 16350 16680 16912 17094 17119 17309 17397 17491 17507 17567 17596 17656 17696 17715 17835 17853 17971 18214 18232 18395 18458 19036 19054 19082 19177 19303 19389 19415 19696 20374 20426 20489 20626 20784 20895 21012 21063 21125 21294 21547 21646 21772 21900 21955 21957 21976 22014 22047 22147 22259 22279 22329 22493 22873 22934 23025 23157 23160 23330 23407 23585 23641 23657 23737 23757 23957 23961 24000 24189 24309 24400 24455 24481 24536 24572 24629 24760 24836 31295 31326 31342 31365 31398 31416 31448 31468 31486 31501 31523 31543 31593 31626 31627 31628 31642 31655 31678 31701 31702 31722 31754 31770 31771 31805 31825 31826 31876 31898 31919 31920 31938 31958 31959 31996 32013 32014 32022 32023 32045 32065 32095 32096 32114 32139 32161 32162 32163 32184 32201 32214 32215 32234 32235 32288 32307 32327 32328 32350 32366 32379 32395 32418 32436 32469 32487 32535 32536 32572 32590 32591 32592 32632 32662 32663 32664 32683 32713 32714 32758 32759 32802 32803 32822 32841 32852 32864 32876 32927 32928 32929 32959 32960 32979 32980 32981 32998 33016 33058 33091 33092 33117 33118 33141 33193 33206 33218 33278 33279 33327 33379 33380 33406 33407 33495 33560 33561 33570 33571 33572 33586 33587 33662 33663 33731 33746 33747 33769 33770 33863 33944 33945 33981 33982 34047 34121 34122 34123 34141 34288 34470 34527 34550 34576 34621 34637 34652 34705 34726 34790 34966 34989 35018 35129 35179 35200 35315 35329 35352 35364 35365 35459 35511 35644 35667 35788 35808 35809 35824 35951 35967 35989 35990 36005 36142 36310 36311 36403 36404 36466 36521 36547 36628 36682 36683 36813 36940 
	}
	buildings_max_level_factor=1.000
        manpower=0
        state_category = town
}
