state={
	id=544
	name="STATE_544"
	provinces={
		47 113 2910 3260 3563 3685 4075 4196 4198 4415 4435 4777 6099 6194 6499 6859 6912 6945 7089 7384 7600 7702 8057 8297 8734 9131 9190 9238 9538 9834 10100 10383 10646 11070 11836 12017 12265 12372 12673 12789 13073 13317 13371 13394 13473 13642 13967 14737 14826 14956 14997 15369 15371 15749 15867 16276 16376 16725 16754 16767 17646 17661 17731 17925 17988 18073 18204 18467 18486 18596 18657 18786 18790 19012 19120 19417 19677 19769 20179 20435 20481 20741 20841 21051 21083 21339 21517 21902 21994 22196 22202 22248 22392 22480 22811 22896 23218 23268 23576 23799 23902 23908 23916 24075 24422 24622 30665 30759 30778 30869 30888 30925 30959 31001 31019 31020 31050 31086 31099 31100 31133 31152 31165 31166 31190 31223 31241 31266 31267 31355 31391 31392 31408 31425 31426 31441 31480 31481 31512 31513 31535 31584 31585 31586 31603 31637 31638 31669 31670 31688 31743 31744 31764 31836 31867 31868 31912 31913 31933 31974 32076 32103 32155 32178 32322 32362 32410 32411 32448 32504 32505 32530 32551 32566 32605 32606 32627 32642 32691 32726 32740 32775 32776 32837 32871 32872 32903 32992 33011 33012 33039 33050 33155 33187 33201 33202 33230 33318 33371 33372 33373 33374 33452 33524 33551 33552 33615 33632 33655 33690 33787 33804 33823 33824 33889 33917 34013 34014 34055 34170 34197 34198 34351 34433 34434 34515 34585 34688 34839 
	}
	buildings_max_level_factor=1.000
        manpower=0
        state_category = town
}
