state={
	id=545
	name="STATE_545"
	provinces={
		71 516 1660 1879 2973 3512 4608 5265 5308 6103 6285 6856 6868 7113 7185 7379 8142 8174 8434 8886 9114 9271 9644 9828 10201 10386 10584 10750 10947 11009 11784 12294 12586 12637 12866 13824 14367 14373 14430 14597 14608 14754 14796 14977 15090 15276 15308 15348 16345 16515 16792 17128 17305 17811 18532 18540 18563 19078 19297 19753 19947 19990 20182 20205 20358 20486 20528 20676 21416 21516 21890 22013 22112 22299 22654 22789 23294 23421 23540 23749 23804 23843 24628 24846 30540 30603 30795 30937 30981 31110 31146 31160 31209 31257 31283 31309 31332 31351 31387 31388 31403 31436 31455 31474 31549 31568 31616 31634 31649 31683 31697 31711 31712 31736 31737 31794 31811 31812 31860 31884 31909 31930 31947 31970 32000 32052 32072 32127 32128 32174 32175 32194 32244 32281 32315 32334 32335 32358 32478 32525 32526 32527 32598 32599 32655 32656 32675 32706 32721 32722 32769 32811 32830 32831 32942 32943 32944 32968 33065 33081 33100 33130 33227 33244 33285 33416 33417 33418 33437 33684 33802 
	}
	buildings_max_level_factor=1.000
        manpower=0
        state_category = town
}
