state={
	id=546
	name="STATE_546"
	provinces={
		31 103 173 242 601 778 791 1072 1127 1148 1434 1444 1754 1950 2075 2211 2391 2597 2615 2924 3211 3257 3433 3489 3499 3626 3709 3839 3865 3916 3923 4423 4436 4705 4858 5122 5198 5335 5348 5354 5573 5750 6440 6623 6770 7209 7690 7757 7898 7965 8009 8296 8303 8318 8365 8437 8514 8688 9056 9358 9427 9552 10312 10607 10728 10961 10965 10990 11161 11459 11495 11523 11635 11898 12259 12431 12519 12562 12571 12727 12847 12939 13493 13500 13722 13890 14293 14385 14391 14771 14897 14990 15147 15490 15753 15832 16022 16123 16396 16424 16550 16560 16565 16610 16672 16745 16925 17121 17145 17168 17676 17848 18025 18157 18166 18202 18357 18416 18499 18575 18638 18701 18730 18799 19080 19169 19506 19591 19625 19944 20056 20286 20341 20447 20657 20688 20867 20999 21267 21293 21427 21446 21513 21658 21863 22294 22430 22662 22783 23082 23127 23143 23453 23625 23661 23701 23905 24016 24018 24060 24203 24587 24623 24640 24804 24854 24886 24902 24999 31596 31680 31755 31784 31807 31851 31940 31941 31960 31961 31979 31997 32066 32097 32117 32118 32119 32185 32257 32289 32308 32309 32329 32351 32367 32380 32396 32419 32488 32489 32490 32508 32509 32537 32554 32573 32614 32633 32665 32701 32702 32728 32747 32781 32782 32783 32784 32804 32805 32823 32877 32896 32930 32931 32932 32961 32962 32999 33043 33059 33075 33076 33093 33119 33142 33194 33195 33236 33237 33254 33255 33256 33305 33393 33408 33409 33410 33432 33433 33460 33476 33510 33511 33533 33534 33588 33589 33607 33622 33639 33640 33677 33678 33693 33709 33710 33748 33749 33771 33772 33810 33811 33835 33864 33865 33866 33880 33927 33946 33947 33948 33949 33996 33997 33998 34023 34024 34025 34048 34057 34086 34124 34125 34126 34142 34143 34144 34181 34204 34205 34219 34232 34249 34264 34265 34305 34320 34376 34409 34442 34455 34456 34471 34472 34486 34551 34552 34553 34577 34610 34622 34638 34639 34706 34707 34708 34727 34777 34791 34806 34826 34846 34864 34865 34949 34967 34968 34990 35034 35060 35061 35103 35117 35130 35131 35147 35180 35215 35237 35281 35298 35330 35353 35460 35499 35500 35501 35537 35538 35582 35605 35635 35636 35682 35711 35841 35968 35969 36085 36124 36181 36243 36244 36722 
	}
	buildings_max_level_factor=1.000
        manpower=0
        state_category = town
}
