state={
	id=547
	name="STATE_547"
	provinces={
		490 908 1058 1157 1219 1290 1373 1390 1406 1441 1640 1755 1819 1844 2022 2085 2235 2377 2560 2687 2743 2816 2981 3017 3060 3100 3325 3365 3368 3463 3588 3591 4261 4390 4476 4629 4784 4799 4873 4930 4989 5120 5321 5422 5781 5822 5854 5923 6040 6292 6315 6317 6359 6724 6967 7013 7015 7030 7055 7285 7289 7344 7400 7501 7528 7625 7978 7981 8300 8481 8831 8918 9091 9136 9183 9333 9380 9702 9798 9799 9819 9840 9852 9869 9889 9975 10234 10331 10389 10451 10475 10546 10573 10582 10809 10825 10886 10902 11090 11240 11342 11395 11507 11671 11729 11742 11853 11872 12157 12160 12214 12363 12618 12619 12654 12697 12777 12800 12859 12882 12970 13009 13024 13054 13067 13129 13664 13987 14223 14261 14288 14382 14441 14588 14699 14744 15075 15108 15213 15225 15435 15454 15477 15501 15565 15626 15662 15721 15732 15733 15910 16232 16277 16333 16358 16392 16393 16410 16484 16657 16660 16830 16883 16902 17021 17209 17407 17509 17527 17854 17879 17895 17929 17930 18286 18334 18375 18545 18694 18741 18816 18875 19020 19097 19155 19187 19199 19294 19602 19708 19932 20240 20248 20278 20363 20538 20549 20749 20964 20989 21089 21312 21359 21394 21399 21436 21473 21603 21724 21825 22111 22183 22312 22318 22340 22403 22510 22544 22547 22598 22705 22756 22836 22837 22907 23131 23194 23372 23488 23495 23614 23709 23847 23886 24009 24069 24344 24347 24393 24447 24567 24583 24675 24687 24816 24860 24986 24988 31704 31830 31980 32025 32046 32140 32165 32166 32202 32236 32258 32266 32291 32292 32368 32382 32383 32437 32454 32471 32491 32510 32538 32539 32555 32593 32615 32635 32651 32652 32666 32703 32715 32748 32760 32761 32825 32878 32911 32912 32913 32933 32982 33000 33017 33018 33029 33030 33060 33077 33094 33095 33120 33143 33164 33165 33176 33177 33207 33208 33219 33220 33238 33257 33258 33306 33307 33308 33338 33339 33360 33381 33394 33411 33446 33461 33477 33496 33497 33512 33535 33536 33537 33573 33608 33623 33694 33711 33732 33733 33751 33773 33796 33812 33813 33814 33836 33837 33838 33839 33853 33867 33881 33882 33896 33897 33898 33928 33966 34000 34001 34002 34026 34027 34028 34088 34089 34103 34127 34145 34182 34183 34184 34221 34233 34234 34250 34251 34252 34253 34266 34289 34306 34307 34321 34337 34338 34359 34360 34361 34377 34410 34411 34412 34443 34457 34458 34488 34489 34503 34504 34529 34530 34531 34578 34579 34591 34592 34593 34624 34654 34655 34656 34710 34728 34729 34748 34759 34778 34809 34810 34847 34848 34868 34883 34884 34950 34951 34952 34969 34991 35020 35021 35035 35046 35047 35082 35105 35106 35119 35148 35149 35181 35182 35216 35240 35300 35301 35316 35317 35332 35354 35367 35385 35400 35423 35424 35441 35442 35473 35502 35512 35559 35583 35584 35585 35647 35684 35695 35732 35733 35751 35773 35790 35812 35844 35878 35879 35916 35952 36073 36088 36165 36183 36263 36336 36364 36407 
	}
	buildings_max_level_factor=1.000
        manpower=0
        state_category = town
}
