state={
	id=548
	name="STATE_548"
	provinces={
		91 176 194 1308 1856 1985 2011 2297 2928 3657 3702 3783 3818 4065 4213 4575 4909 5447 5651 6305 6394 6515 6532 6683 7292 7485 7777 7820 8156 8406 8897 9085 9227 9401 9904 9988 10083 10204 10296 10423 10448 10694 11241 11743 12137 12159 12243 12319 12324 12398 12434 12472 12489 12867 13071 13123 13272 13285 13291 13620 13666 14030 14275 14317 14324 14613 14876 14895 15222 15310 15653 15705 15758 16226 16783 16851 16906 16961 17194 17284 17295 17657 17830 18315 18483 18551 18842 18944 19123 19527 19543 19571 19651 19718 19752 20140 20188 20432 20669 20778 20829 20928 21122 21139 21323 21377 21485 21545 21708 22311 22593 22651 22697 22809 22810 22965 23008 23009 23041 23105 23227 23502 23712 23838 23876 24012 24161 24260 24289 24673 33210 33243 33314 33331 33435 33501 33628 33667 33683 33818 33871 33909 34007 34008 34050 34110 34150 34151 34190 34191 34223 34240 34275 34276 34277 34296 34328 34344 34379 34396 34397 34429 34430 34509 34510 34556 34568 34598 34629 34644 34663 34664 34698 34764 34870 34922 34923 34924 34941 34980 35051 35110 35111 35135 35154 35206 35223 35268 35340 35356 35372 35388 35474 35487 35504 35505 35569 35592 35653 35738 35759 35760 35829 35860 35861 35862 35996 36028 36029 36046 36095 36113 36133 36134 36147 36148 36169 36201 36215 36231 36253 36254 36267 36281 36323 36324 36344 36345 36366 36392 36440 36441 36458 36488 36489 36506 36549 36559 36560 36615 36658 36659 36660 36694 36711 36712 36763 36803 36804 36838 36861 36880 36946 36947 36985 36986 37054 37113 37132 37198 37258 37317 37331 37454 37492 37548 37623 37639 37837 37838 
	}
	buildings_max_level_factor=1.000
        manpower=0
        state_category = town
}
