state={
	id=549
	name="STATE_549"
	provinces={
		4725 5775 6745 7411 9451 9664 10392 12871 13106 13575 14070 15835 17269 18022 18619 18895 19695 19744 19810 19882 20373 20854 22059 22517 23017 30786 30973 31772 32290 32470 32650 32824 33196 33359 33562 33750 34220 34590 34917 35260 35539 35842 36246 37035 37338 37545 38037 38665 39978 40154 40436 40672 40900 41608 42027 42311 42619 42754 42973 43305 43704 43811 43991 44099 44367 44504 
	}
	buildings_max_level_factor=1.000
        manpower=0
        state_category = town
}
