state = { 
	id = 55 
	name = "STATE_55" 
	manpower = 1816651 
	
	state_category = slot_25 
	buildings_max_level_factor = 1 
	resources = {
		coal = 32 
	} 
	history = { 
		owner = POL 
		
		buildings = { 
			industrial_complex = 12
			arms_factory = 6
			infrastructure = 3 
		}
		
		add_core_of = POL 
	}
	provinces = { 144 158 251 262 291 341 406 430 496 500 635 649 714 790 825 842 861 962 968 1038 1043 1090 1134 1186 1304 1402 1433 1586 1602 1714 1846 2040 2060 2151 2210 2443 2471 2591 2628 2659 2721 2755 2815 2923 3189 3403 3470 3587 3636 3687 3715 3834 3943 4033 4096 4112 4180 4381 4383 4385 4466 4746 4784 4992 5044 5119 5270 5404 5461 5469 5539 5649 5887 5895 5929 5974 6090 6125 6256 7007 7084 7132 7194 7219 7491 7553 7787 8007 8430 8478 8546 8558 8613 8618 8770 8776 8925 9008 9220 9271 9551 9797 9846 9999 10389 10895 11167 11204 11226 11235 11259 11462 11559 11745 11874 11878 11895 12563 12577 12637 12653 12727 12769 12846 12998 13125 13183 13206 13292 13368 13411 13446 13589 13593 13726 13781 }
}
