state={
	id=551
	name="STATE_551"
	provinces={
		55 201 241 245 382 424 474 508 515 568 685 687 738 889 1000 1033 1113 1217 1256 1257 1262 1301 1355 1379 1445 1456 1502 1635 1683 1759 1762 1778 1806 1877 1932 1943 1974 2001 2043 2198 2207 2260 2298 2307 2350 2370 2422 2430 2494 2508 2538 2697 2741 2772 2779 2836 2874 2911 2974 3051 3136 3259 3317 3440 3508 3556 3713 3881 3988 3993 4074 4136 4203 4265 4271 4283 4287 4304 4353 4392 4395 4406 4474 4620 4633 4889 4904 4963 4967 4999 5076 5144 5231 5233 5383 5403 5476 5514 5585 5645 5735 5803 5846 5855 6031 6038 6071 6179 6282 6307 6368 6410 6427 6534 6600 6603 6642 6777 6838 6957 7103 7139 7146 7198 7261 7296 7348 7395 7689 7714 7748 7849 7851 7902 8023 8037 8044 8135 8292 8391 8402 8608 8615 8625 8719 8739 8773 8855 8941 8971 8975 9079 9172 9338 9346 9432 9559 9608 9826 10003 10075 10191 10198 10335 10437 10489 10492 10586 10627 10629 10633 10664 10698 10727 10732 10766 10861 10988 11022 11072 11150 11175 11242 11281 11300 11313 11377 11401 11489 11544 11570 11639 11721 11740 11751 11758 11765 11770 11782 11812 11854 11917 12136 12231 12339 12659 12709 12711 12763 12813 12863 12886 12919 13116 13121 13146 13168 13181 13253 13374 13395 13417 13463 13471 13561 13562 13685 13739 13758 13767 13802 13825 13910 14044 14092 14121 14166 14178 14258 14304 14356 14414 14663 14706 14709 14770 14830 14834 14837 14842 14929 14938 15085 15258 15324 15381 15439 15482 15543 15579 15589 15598 15644 15709 15827 15870 15902 15968 15973 15975 16028 16563 16569 16581 16646 16746 16764 16778 16844 16949 16964 16967 17078 17193 17195 17343 17436 17446 17462 17472 17516 17552 17591 17659 17734 17740 17809 17870 17875 17906 17915 17928 17953 18014 18050 18051 18251 18273 18287 18300 18306 18365 18432 18509 18635 18640 18710 18733 18807 18902 18937 18988 19188 19246 19352 19403 19461 19471 19564 19575 19670 19764 19787 19811 19832 19878 19936 19979 20116 20129 20221 20227 20237 20267 20283 20334 20416 20438 20542 20547 20601 20616 20737 20807 20827 20844 20914 20961 21068 21071 21079 21111 21118 21247 21261 21311 21371 21449 21529 21536 21554 21726 21735 21769 21870 21911 21973 22045 22071 22137 22208 22264 22383 22431 22505 22508 22531 22631 22769 22812 22835 22869 22883 22913 23019 23022 23066 23117 23161 23162 23184 23246 23360 23371 23592 23608 23622 23665 23723 23841 23977 24029 24127 24150 24179 24221 24267 24341 24375 24410 24451 24711 24937 24979 38687 38762 38797 38798 38814 38854 38889 38955 38956 39011 39043 39079 39113 39114 39162 39206 39240 39303 39304 39326 39327 39417 39435 39466 39506 39557 39597 39686 39687 39718 39737 39771 39785 39786 39816 39817 39892 39928 39958 39989 39990 40007 40025 40037 40038 40052 40071 40109 40129 40130 40161 40162 40163 40183 40206 40250 40281 40296 40297 40329 40341 40386 40419 40428 40445 40488 40503 40532 40547 40565 40577 40603 40624 40652 40664 40720 40729 40748 40777 40821 40853 40854 40855 40866 40890 40925 40956 41016 41029 41045 41060 41075 41160 41161 41193 41194 41207 41255 41272 41285 41296 41306 41338 41351 41378 41389 41399 41446 41457 41500 41511 41542 41543 41556 41557 41567 41578 41604 41634 41635 41636 41652 41678 41679 41728 41777 41778 41791 41792 41793 41812 41826 41827 41828 41829 41875 41885 41929 41942 41993 42003 42004 42048 42059 42070 42071 42083 42098 42099 42170 42171 42172 42192 42193 42213 42214 42238 42239 42263 42264 42274 42284 42304 42305 42318 42330 42343 42367 42380 42441 42442 42443 42444 42446 42458 42469 42478 42491 42492 42499 42530 42552 42553 42554 42567 42584 42600 42601 42602 42623 42635 42657 42678 42679 42680 42689 42690 42705 42706 42729 42730 42762 42771 42772 42773 42774 42775 42783 42797 42808 42820 42834 42842 42856 42857 42867 42881 42907 42908 42916 42942 42968 42969 42978 42979 42993 43010 43022 43032 43046 43065 43073 43074 43075 43076 43085 43108 43109 43121 43122 43134 43135 43151 43158 43159 43160 43161 43171 43183 43205 43206 43207 43236 43244 43245 43265 43269 43281 43285 43286 43295 43331 43332 43333 43354 43379 43382 43383 43384 43395 43433 43439 43448 43449 43450 43473 43474 43488 43489 43497 43498 43499 43509 43516 43517 43518 43535 43550 43551 43560 43565 43569 43575 43585 43599 43600 43601 43608 43609 43649 43650 43656 43683 43690 43699 43708 43709 43732 43738 43748 43769 43770 43776 43785 43796 43818 43841 43847 43858 43869 43870 43875 43912 43920 43921 43924 43931 43938 43952 43953 43954 43993 44006 44007 44020 44028 44082 44089 44091 44095 44104 44116 44131 44146 44175 44176 44196 44201 44205 44229 44230 44247 44280 44281 44292 44300 44306 44314 44333 44361 44362 44377 44381 44386 44402 44403 44410 44420 44421 44439 44440 44448 44453 44493 44502 44503 44508 44520 44528 44556 44565 44570 44575 44584 44617 44668 44676 44681 44682 44704 44712 44745 44752 44784 44810 44847 
	}
	buildings_max_level_factor=1.000
        manpower=0
        state_category = town
}
