state={
	id=552
	name="STATE_552"
	provinces={
		162 737 754 780 824 1242 1601 1805 1832 1851 1921 3288 3305 4152 4166 4632 4771 5747 5794 6067 6484 6519 6647 6660 6964 6994 7018 7083 7271 7283 7295 7363 7722 7753 7907 7940 7954 8314 8417 8520 8552 8577 8790 8838 9016 9125 9757 9885 9917 9938 9978 10134 10455 10595 10624 10628 10784 10937 10999 11104 11509 11730 11739 11776 11857 12421 13206 13234 13238 13398 13451 13461 13705 13754 14101 14359 14698 15036 15132 15150 15165 15275 15379 15568 15627 15655 15700 15785 15796 15813 15959 16010 16084 16186 16340 16780 16978 17186 17459 17599 17791 17827 17889 17891 17947 17968 17979 18052 18080 18136 18250 18335 18465 18742 19061 19601 19706 19720 19968 20024 20070 20249 20381 20458 20878 21097 21106 21107 21113 21192 21335 21487 21767 22019 22105 22153 22192 22438 22661 22679 22778 22782 22882 23215 23242 23286 23307 23433 23462 23700 23825 23861 23935 24401 24553 24635 24651 24870 24906 24929 24987 24992 38178 38223 38302 38366 38384 38445 38482 38556 38627 38688 38780 38890 38915 38933 38957 38996 39012 39080 39096 39097 39115 39116 39129 39180 39241 39242 39267 39288 39305 39328 39368 39387 39418 39484 39526 39558 39575 39598 39641 39667 39738 39739 39818 39819 39820 39840 39929 39959 39960 39969 39970 40008 40089 40090 40091 40131 40132 40164 40184 40185 40217 40263 40264 40265 40266 40342 40343 40344 40369 40387 40406 40429 40446 40447 40461 40462 40478 40489 40533 40534 40548 40604 40625 40626 40627 40665 40666 40678 40709 40749 40750 40751 40764 40792 40822 40856 40891 40892 40909 40910 40926 40942 40970 40978 41008 41030 41046 41061 41062 41097 41123 41124 41125 41142 41169 41195 41243 41256 41286 41321 41352 41365 41433 41434 41458 41488 41501 41512 41579 41617 41653 41665 41680 41697 41698 41699 41719 41729 41756 41779 41813 41844 41860 41886 41897 41981 41982 41994 41995 42023 42024 42033 42058 42072 42100 42116 42139 42156 42183 42184 42215 42249 42285 42306 42319 42320 42329 42344 42359 42414 42445 42529 42540 42555 42556 42593 42624 42625 42636 42688 42717 
	}
	buildings_max_level_factor=1.000
        manpower=0
        state_category = town
}
