state={
	id=553
	name="STATE_553"
	provinces={
		336 375 391 548 597 627 953 1107 1165 1274 1692 1772 1789 1813 2414 2526 2930 2999 3393 3918 3990 4202 4312 5129 5357 5727 5769 5791 5930 5999 6226 6251 6391 6437 6569 6756 6997 7330 7393 7554 7840 7877 7880 7949 8742 9049 9156 9483 9615 9686 10108 10171 10189 10416 10474 10688 10860 10966 11213 11341 11479 11658 11733 11912 11955 12300 12321 12337 12639 12823 12860 12878 12972 13093 13251 13308 13365 13386 13541 13857 13990 14137 14159 14224 14399 14456 14541 14574 14641 14715 14807 15189 15337 15472 15551 15703 15783 16537 16831 16866 17020 17344 17364 17534 17606 17945 17965 18102 18146 18268 18780 18798 19455 19871 20017 20148 20214 20568 20953 21254 21320 21684 21720 21965 21999 22099 22546 22657 23102 23260 23283 23324 23670 23746 23851 23948 24236 24369 24419 24550 24708 24932 42114 42181 42190 42211 42258 42282 42297 42313 42314 42339 42377 42392 42411 42412 42413 42453 42488 42489 42498 42509 42526 42527 42537 42565 42592 42609 42610 42644 42645 42665 42666 42676 42726 42749 42750 42758 42770 42804 42832 42833 42852 42853 42864 42877 42915 42924 42925 42926 42927 42928 42937 42938 42939 42950 42975 42976 43019 43040 43041 43042 43043 43051 43052 43053 43062 43063 43118 43139 43148 43166 43167 43168 43182 43189 43222 43231 43232 43233 43252 43261 43262 43263 43275 43293 43294 43308 43314 43324 43339 43353 43361 43380 43406 43407 43430 43455 43469 43470 43471 43496 43502 43503 43542 43557 43568 43584 43590 43605 43620 43630 43648 43655 43680 43681 43696 43697 43706 43715 43731 43772 43775 43781 43792 43807 43829 43855 43881 43902 43936 43943 43986 43997 44026 44032 44046 44063 44121 44126 44190 44208 
	}
	buildings_max_level_factor=1.000
        manpower=0
        state_category = town
}
