state={
	id=554
	name="STATE_554"
	provinces={
		138 264 339 451 503 740 766 997 1370 1374 1499 1565 1748 1849 1915 1928 1968 2385 2459 2529 2694 2706 2760 2819 2913 2945 3022 3229 3237 3278 3292 3605 3606 3768 3784 3872 4071 4175 4192 4370 4496 4524 4541 4545 4820 4862 4942 5019 5227 5277 5419 5565 5567 5588 5655 5716 5800 5909 6000 6044 6245 6272 6505 6773 6819 6896 6928 7264 7770 7874 8062 8069 8076 8249 8290 8322 8370 8594 8795 9011 9028 9140 9409 9434 9612 10079 10196 10241 10284 10521 10583 10677 10724 10933 11031 11039 11111 11263 12204 12236 12490 12667 13102 13189 13214 13288 13410 13633 14032 14218 14252 14264 14354 14694 14853 14856 14881 14896 15338 15357 15818 15914 16034 16295 16336 16395 16604 16624 16819 17475 17579 17590 17683 17710 17831 17936 18263 18810 18855 19039 19060 19192 19222 19486 19593 19669 19796 19869 19966 20093 20121 20314 20378 20529 20577 20603 20875 21099 21479 22707 22779 22800 22870 22888 23091 23354 23393 23636 23715 23792 23872 24322 24323 43646 43722 43745 43827 43828 43839 43851 43889 43909 43929 43935 43942 43963 43985 43992 44010 44018 44025 44031 44074 44088 44090 44101 44156 44157 44158 44223 44236 44249 44255 44278 44284 44285 44297 44316 44353 44356 44357 44358 44364 44391 44399 44412 44431 44443 44457 44458 44481 44512 44526 44527 44557 44579 44588 44589 44593 44613 44656 44660 44687 44738 44749 44766 44767 44796 44797 44805 44814 44827 44834 44861 44863 44874 44880 44893 44897 44921 44936 44937 44940 44962 44965 44981 44982 44987 44989 45009 45027 45032 45033 45038 45080 45094 45105 45120 45122 45149 45150 45153 45186 45197 45198 45221 45248 45249 45261 
	}
	buildings_max_level_factor=1.000
        manpower=0
        state_category = town
}
