state={
	id=555
	name="STATE_555"
	provinces={
		115 144 283 312 381 401 446 475 525 703 734 856 901 932 995 1109 1114 1213 1223 1321 1340 1346 1421 1446 1482 1501 1586 1958 2088 2162 2313 2323 2473 2553 2703 2785 2963 3052 3150 3230 3324 3340 3386 3406 3456 3586 3600 3625 3798 3887 3925 4164 4299 4323 4461 4558 4648 4761 5022 5102 5182 5185 5188 5311 5361 5362 5483 5703 5710 5745 5866 5939 6111 6407 6641 6658 6725 6895 7078 7279 7346 7845 7882 8192 8199 8258 8405 8459 8556 8572 9132 9147 9166 9402 9509 9606 10094 10754 10793 10874 10915 11040 11156 11222 11285 11591 11838 11973 12047 12139 12336 12516 13011 13163 13731 14063 14307 14919 14979 15061 15071 15171 15325 15803 15828 17226 17544 17684 17975 19053 20107 20136 20792 21009 21199 21220 21413 21936 22702 23150 23503 45383 45384 45409 45410 45417 45427 45433 45440 45453 45457 45466 45471 45473 45485 45486 45491 45501 45512 45517 45524 45533 45538 45539 45555 45561 45579 45582 45585 45593 45602 45603 45605 45606 45614 45622 45624 45626 45647 45648 45653 45654 45666 45671 45673 45691 45696 45697 45723 45727 
	}
	buildings_max_level_factor=1.000
        manpower=0
        state_category = town
}
