state={
	id=57
	name="STATE_57"
	provinces={
		6 102 167 190 247 258 261 269 436 465 504 621 672 717 852 864 885 897 907 914 987 1010 1066 1202 1292 1380 1440 1447 1465 1471 1488 1613 1619 1681 1682 1684 1699 1710 1804 1840 2139 2169 2194 2301 2333 2434 2450 2456 2478 2596 2616 2638 2666 2791 2793 2919 3000 3028 3081 3082 3130 3225 3228 3252 3295 3300 3327 3348 3443 3447 3584 3708 3787 3840 3882 3942 3958 3977 4023 4053 4148 4178 4212 4255 4289 4418 4465 4488 4532 4562 4719 4745 4752 4816 4922 4939 4969 5013 5015 5040 5055 5056 5058 5061 5083 5141 5256 5372 5590 5594 5624 5679 5843 5865 6014 6047 6167 6168 6185 6217 6309 6390 6401 6415 6448 6643 6738 6833 6837 6864 7085 7097 7137 7231 7281 7291 7314 7334 7343 7367 7380 7434 7532 7791 7858 7883 7959 8030 8178 8205 8272 8433 8530 8562 8701 8765 9001 9065 9090 9133 9330 9373 9394 9400 9499 9534 9561 9592 9603 9627 9724 9780 9861 10025 10105 10107 10112 10124 10138 10266 10280 10286 10499 10525 10536 10597 10657 10668 10669 10692 10699 10760 10778 10782 10792 10810 10833 10895 10960 11044 11203 11211 11249 11290 11407 11504 11551 11611 11660 11705 11834 11906 12020 12069 12104 12130 12258 12291 12373 12408 12447 12564 12615 12621 12748 12791 12868 12879 12890 12937 13042 13130 13166 13207 13313 13330 13384 13442 13570 13571 13582 13663 13693 13771 13849 13859 13908 14083 14201 14333 14424 14434 14492 14536 14643 14646 14675 14831 14838 14932 14969 15029 15074 15122 15166 15201 15256 15330 15408 15450 15541 15549 15575 15576 15600 15643 15676 15719 15854 15927 16019 16035 16086 16128 16149 16280 16285 16351 16474 16548 16661 16734 16797 16815 16854 16871 16916 16979 16985 17055 17198 17208 17263 17331 17359 17365 17383 17386 17411 17448 17600 17601 17642 17783 17952 18086 18112 18244 18417 18517 18537 18541 18565 18590 18722 18734 18745 18801 18873 18880 18884 18923 18927 19017 19146 19165 19195 19240 19287 19405 19438 19523 19542 19609 19632 19738 19756 19805 19864 19900 19945 19996 20009 20028 20036 20057 20098 20101 20102 20137 20153 20176 20183 20229 20330 20339 20349 20404 20470 20558 20575 20581 20656 20700 20712 20723 20799 20809 20842 20907 20931 20932 20968 20997 21001 21003 21058 21239 21268 21366 21384 21400 21470 21585 21630 21683 21727 21777 21783 21823 21830 21835 21916 21964 22049 22129 22160 22200 22481 22644 22761 22841 22885 22918 23039 23084 23097 23179 23234 23253 23301 23321 23358 23397 23406 23426 23447 23475 23512 23546 23551 23783 23907 24022 24025 24070 24073 24081 24165 24222 24316 24331 24430 24473 24544 24546 24617 24641 24725 24728 24735 24772 24787 24835 24859 25005 25963 26072 26133 26138 26143 26190 26195 26204 26230 26242 26255 26256 26262 26268 26292 26294 26302 26314 26321 26335 26381 26388 26393 26417 26421 26422 26466 26475 26481 26489 26526 26527 26548 26557 26580 26581 26591 26596 26603 26618 26629 26639 26644 26664 26665 26677 26678 26685 26704 26705 26706 26714 26721 26758 26775 26781 26793 26795 26799 26800 26840 26841 26848 26849 26859 26865 26899 26903 26904 26936 26945 26952 26962 26978 26979 26980 26996 27034 27048 27049 27052 27060 27064 27083 27103 27123 27132 27133 27138 27149 27173 27176 27185 27190 27193 27224 27239 27244 27255 27259 27266 27272 27284 27308 27327 27334 27347 27351 27358 27373 27414 27427 27441 27452 27453 27454 27470 27485 27486 27499 27504 27505 27527 27536 27562 27563 27574 27584 27598 27599 27615 27616 27617 27655 27668 27675 27676 27688 27689 27704 27705 27710 27735 27765 27773 27774 27783 27817 27848 27859 27867 27868 27869 27881 27889 27898 27899 27905 27919 27926 27949 27980 27981 27996 28003 28014 28034 28046 28055 28069 28093 28094 28120 28144 28148 28194 28195 28213 28229 28230 28235 28248 28260 28265 28293 28318 28319 28320 28328 28338 28339 28340 28402 28418 28443 28459 28466 28490 28491 28511 28547 28557 28568 28582 28592 28605 28627 28628 28645 28646 28654 28670 28680 28693 28735 28761 28762 28773 28774 28795 28810 28827 28828 28829 28867 28868 28869 28881 28895 28901 28902 28929 28941 28971 28987 29006 29021 29029 29036 29047 29048 29049 29050 29051 29091 29092 29111 29125 29126 29153 29154 29171 29172 29179 29180 29193 29209 29210 29220 29231 29232 29233 29256 29267 29276 29277 29306 29307 29317 29338 29364 29365 29417 29418 29419 29420 29434 29443 29444 29479 29498 29511 29512 29531 29545 29582 29583 29593 29606 29616 29642 29643 29644 29665 29679 29695 29708 29716 29729 29764 29765 29816 29831 29859 29860 29861 29868 29936 29945 29969 29985 30013 30068 30069 30086 30097 30111 30158 30197 30198 30208 30228 30229 30269 30270 30296 30297 30335 30336 30347 30348 30349 30386 30387 30401 30456 30473 30489 30501 30530 30531 30578 30615 30616 30634 30668 30698 30699 30700 30812 30843 30861 30880 30899 30917 31158 
	}
	buildings_max_level_factor=1.000
        manpower=0
        state_category = town
}
