state={
	id=59
	name="STATE_59"
	provinces={
		112 371 406 638 970 1029 1064 1236 1333 1485 1520 1582 1771 1873 1973 1997 2037 2433 2455 2515 2948 3144 3218 3359 3401 4098 4402 4607 4855 4925 5318 5536 5717 5872 5907 5948 6193 6242 6571 6654 6727 6953 6973 7069 7102 7214 7218 7235 7266 7323 7468 7533 7729 7808 7945 7950 8115 8362 8490 8507 8544 9057 9126 9194 9252 9647 9694 9792 9813 9905 10176 10562 10623 10859 11264 11316 11404 11423 11468 11687 11799 11976 12691 12699 12776 13061 13096 13280 13703 13743 13744 14141 14269 14319 14396 14464 14467 14515 14631 14655 14678 14857 14940 15484 15673 15747 15846 15877 15989 16222 16312 16500 16571 16662 17227 17355 17400 17427 17526 17583 17633 18120 18125 18215 18274 18433 18857 19018 19484 19522 19530 19620 19736 19867 19994 20000 20105 20277 20292 20412 20524 20593 20735 21121 21195 21264 21333 21422 21575 21688 21766 21799 21819 21959 21966 22030 22145 22249 22421 22450 22683 22764 22781 22920 23023 23897 23962 24039 24594 24636 24671 24872 24891 26090 26102 26135 26148 26177 26199 26246 26271 26285 26289 26317 26332 26350 26400 26429 26484 26516 26551 26564 26584 26614 26690 26691 26702 26708 26722 26731 26746 26753 26787 26804 26844 26878 26884 26920 26954 26965 26986 26999 27019 27067 27106 27182 27227 27262 27276 27277 27278 27330 27339 27348 27352 27369 27386 27436 27458 27464 27500 27531 27532 27538 27551 27568 27578 27602 27632 27660 27682 27723 27728 27777 27832 27840 27841 27861 27944 27945 27969 27987 28025 28026 28122 28123 28135 28253 28299 28353 28354 28362 28420 28453 28454 28470 28480 28517 28595 28611 28647 28730 28776 28845 28883 28908 28934 29030 29068 
	}
	buildings_max_level_factor=1.000
        manpower=0
        state_category = town
}
