state = { 
	id = 590 
	name = "STATE_590" 
	manpower = 2 363 109
	
	state_category = town 
	buildings_max_level_factor = 1 
	resources = { oil = 18 } 
	history = { 
		owner = RUS 
		
		buildings = {
 industrial_complex = 14
 arms_factory = 10
 infrastructure = 2
			synthetic_refinery = 1 
}
		
		add_core_of = RUS 
	}
	provinces = { 62 78 85 182 186 318 324 391 528 563 600 664 671 728 760 834 973 1010 1047 1076 1113 1214 1381 1479 1557 1574 1637 1659 1696 1708 1752 1758 1992 2090 2096 2146 2182 2208 2299 2320 2475 2512 2595 2600 2623 2733 2820 2854 2944 2966 3005 3177 3283 3335 3384 3527 3704 3734 3746 3750 3751 3843 3859 3978 4016 4103 4134 4222 4280 4331 4350 4382 4453 4626 4631 4646 4716 4786 4789 4831 4995 5103 5138 5222 5339 5375 5384 5509 5524 5683 5722 5779 5837 5881 5937 5991 6081 6116 6265 6453 6465 6599 6621 6645 6869 6870 6878 7092 7103 7109 7239 7317 7460 7615 7647 7661 7668 7758 7802 7807 7822 8032 8056 8108 8250 8259 8309 8324 8339 8420 8844 8918 8991 9004 9090 9299 10146 10309 10455 10526 10600 10925 10991 11050 11067 11122 11166 11176 11323 11332 11515 11751 16988 17044 17085 17087 17116 17127 17155 17159 17184 17215 17240 17268 17293 17298 17303 17322 17339 17356 17385 17393 17404 17420 17447 17463 17469 17471 17993 18169 18175 18182 18195 }
}
