state = {
	id=594
	name="STATE_594"
	provinces={
		53 76 165 255 1140 1197 1235 1289 1718 1861 1915 2024 2102 2155 2323 2327 2886 2927 2955 3059 3089 3130 3181 3230 3559 3667 3699 3718 4435 4483 4628 4770 5000 5132 5561 5690 6011 6094 6185 6193 6336 6961 7042 7192 7323 7411 7514 7865 7877 8071 8628 8863 8966 9193 9198 9552 9557 9882 10376 10682 11035 11546 11744 16992 17025 17091 17148 17151 17208 17222 17281 17316 17349 17353 17362 17377 18186 18184
	}
	history={
        owner = SER
        add_core_of = SER 
		buildings = {
			infrastructure = 3
			industrial_complex = 1
		}
    }
	buildings_max_level_factor=1.000
	manpower = 1000
	state_category = town
}
