state={
	id=6
	name="STATE_6"
	provinces={
		59 63 146 148 153 218 227 327 346 462 486 533 559 639 662 677 747 794 887 906 938 990 1019 1153 1237 1389 1407 1422 1433 1633 1731 1781 1800 1834 1927 1961 1979 2017 2023 2066 2070 2072 2154 2401 2410 2457 2510 2549 2646 2738 2976 2992 3074 3076 3095 3107 3126 3184 3210 3269 3312 3331 3416 3419 3506 3551 3746 3782 3899 3914 3949 4066 4135 4147 4177 4305 4333 4429 4588 4609 4610 4682 4717 4885 5041 5135 5140 5375 5485 5605 5744 5757 5984 5997 6052 6259 6283 6297 6636 6843 7210 7385 7545 7696 7750 7839 7948 8114 8261 8355 8851 8892 8939 9134 9507 9555 9666 9673 9805 9863 10002 10048 10209 10613 10660 11309 11319 11335 11453 11682 11690 11749 11766 11897 11945 12122 12194 12451 12523 12529 12679 12844 12851 12872 12946 12949 12956 13025 13072 13450 13470 13553 13558 13688 13919 13996 14392 14524 14553 14642 14726 15053 15857 16102 16200 16237 16751 17225 17229 17236 17700 17832 18676 18715 19353 19395 19478 19488 19672 19770 20548 20904 21265 21345 22159 22717 22996 23222 24301 25017 25018 25019 25040 25043 25044 25056 25064 25071 25072 25079 25091 25095 25099 25102 25107 25118 25133 25137 25140 25152 25153 25162 25163 25174 25178 25187 25192 25208 25215 25226 25238 25247 25253 25297 25310 25319 25323 25352 25373 25376 25395 25423 25438 25442 25447 25463 25470 25476 25486 25495 25504 25550 25570 25580 25584 25598 25617 25696 
	}
	buildings_max_level_factor=1.000
        manpower=0
        state_category = town
}
