state={
	id=60
	name="STATE_60"
	provinces={
		1420 1609 1944 2059 2165 2286 2310 2673 2726 3501 3731 3965 4489 5152 5211 5510 5630 5826 6327 6482 6650 7516 7715 8139 8369 8814 8946 9348 10092 10509 10734 11257 11555 11918 12320 12778 12836 12925 13005 13537 15149 16030 16137 16431 16580 16642 16888 17287 17528 17712 17909 18182 18224 18674 19619 19717 19928 20193 20413 20431 20731 21159 21776 22123 22723 22923 22947 23193 23796 24088 24195 24424 24483 26092 26175 26200 26210 26259 26281 26318 26378 26452 26462 26468 26476 26499 26500 26528 26539 26552 26615 26692 26754 26771 26813 26827 26834 26851 26862 26885 26921 26942 26987 27044 27101 27107 27120 27168 
	}
	buildings_max_level_factor=1.000
        manpower=0
        state_category = town
}
