state = { 
	id = 608 
	name = "STATE_608" 
	manpower = 3325310 
	
	state_category = town 
	buildings_max_level_factor = 1 
	
	resources = { oil = 192 } 
	history = { 
		owner = ROM 
		
		buildings = { 
			infrastructure = 3 
			arms_factory = 10 
			industrial_complex = 15 
			synthetic_refinery = 1 
		}
		
		add_core_of = ROM 
	}
	provinces = { 4 22 51 102 110 169 229 266 359 442 448 451 457 484 571 588 678 699 998 1074 1088 1115 1147 1266 1333 1376 1568 1570 1649 1711 1731 1739 1799 1817 1870 1877 1952 1996 2028 2051 2089 2199 2251 2309 2329 2347 2438 2493 2503 2504 2578 2608 2617 2668 2723 3002 3051 3122 3133 3229 3356 3381 3455 3495 3583 3592 3725 3814 3942 4202 4261 4274 4345 4422 4467 4497 4556 4596 4611 4854 4960 5194 5219 5229 5345 5394 5445 5535 5572 5605 5857 5953 6012 6053 6100 6514 6548 6558 6697 6939 6985 7057 7312 7343 7474 7618 7733 7956 7972 8004 8104 8197 8297 8676 8678 9144 9279 9339 9614 9663 9841 10042 10235 10271 10301 10477 10481 11098 11206 11354 11485 11623 11701 11735 11900 11942 12023 12082 17083 17128 17147 17186 17199 17230 17238 17260 17265 17285 17310 17317 17335 17336 17350 17363 17371 17381 17382 17391 17394 17395 17398 17401 17416 17418 17427 17428 17449 17451 17454 17461 18194 18199 18205 18207 }
}
