state={
	id=61
	name="STATE_61"
	provinces={
		141 348 369 459 483 730 751 1137 1232 1243 1269 1677 1750 1904 2129 2427 2790 2792 2901 2923 2939 3123 3392 3394 3495 3557 3618 3824 3832 3860 4003 4125 4173 4709 4736 4872 4949 4991 5062 5064 5071 5189 5393 5455 5763 5779 5878 5882 6675 6732 6774 6991 7427 7591 7732 7990 8666 8678 8720 8822 9070 9116 9303 9501 9530 9973 9999 10222 10412 10418 10484 11007 11066 11478 11538 11683 11702 11783 12273 12617 12687 12830 12996 13212 13535 13733 13816 14007 14372 14679 14789 14868 15368 15463 15752 15773 15778 15924 16006 16117 16223 16422 16518 16545 16679 16761 16796 16947 17150 17167 17274 17447 17476 17519 18190 18225 18475 19035 19079 19227 19253 19259 19322 19362 19690 19694 19789 19849 19995 20115 20123 20513 20580 20650 20750 20752 20776 20955 21210 21351 21877 21962 22060 22113 22178 22420 22627 22696 22791 22928 22993 23034 23108 23148 23435 23492 23597 24105 24360 24575 24654 24662 24881 26132 26178 26184 26253 26267 26274 26283 26306 26326 26334 26338 26344 26373 26403 26412 26415 26419 26445 26456 26457 26479 26487 26503 26504 26511 26523 26567 26587 26593 26617 26622 26627 26647 26648 26670 26681 26684 26695 26755 26763 26806 26815 26836 26837 26855 26896 26911 26930 26931 26949 26956 27021 27028 27029 27055 27073 27074 27109 27135 27154 27197 27212 27251 27287 27288 27296 27332 27343 27344 27378 27388 27393 27403 27421 27422 27432 27451 27466 27482 27494 27513 27571 27590 27610 27713 27714 27771 27779 27824 27863 27896 27903 27924 27959 27960 28021 28028 28126 28160 28176 28385 28575 28674 
	}
	buildings_max_level_factor=1.000
        manpower=0
        state_category = town
}
