state={
	id=614
	name="STATE_614"
	provinces={
		224 578 1142 1392 1974 2831 2949 3496 4388 5291 5516 5767 5814 6069 6428 6552 7059 7828 8144 8217 8706 8728 8811 8821 8940 9327 9824 9830 9855 10036 10122 10267 10330 10354 10364 10382 10698 10765 10885 10910 11045 11085 11266 11445 11578 17057 17077 17084 17092 17093 17095 17107 17110 17112 17119 17120 17126 17129 17130 17133 17141 17144 17154 17156 17163 17165 17167 17170 17174 17177 17178 17187 17192 17195 17197 17202 17211 17217 17226 17228 17232 17243 17246 17251 17259 17271 17272 17283 18196 18192 18185 
	}
    history= {
		owner = CRI
		add_core_of = CRI
		add_core_of = UKR
		buildings = {
			infrastructure = 2
			industrial_complex = 1
		}
	}
	buildings_max_level_factor=1.000
    manpower=100000
    state_category = town
}
