state = { 
	id = 648 
	name = "STATE_648" 
	manpower = 1532436 
	
	state_category = town 
	buildings_max_level_factor = 1 
	history = { 
		owner = RUS 
		
		buildings = { 
			industrial_complex = 13
			arms_factory = 7
			infrastructure = 2 
		}
		
		add_core_of = RUS 
	}
	provinces = { 10 73 80 259 277 360 439 489 594 632 701 863 967 991 1014 1122 1244 1340 1486 1757 1780 1789 1902 1930 1963 2003 2091 2246 2258 2459 2746 2921 3036 3037 3126 3131 3144 3209 3271 3343 3347 3820 3986 4200 4244 4365 4367 4583 4711 4973 5370 5405 5498 5569 5796 5861 5906 5921 6109 6130 6273 6313 6367 6403 6996 7081 7233 7266 7386 7773 7782 8030 8169 8519 8528 8698 8953 8981 9408 9481 10053 10452 10553 10594 10980 11141 11570 11655 11661 11671 11750 11827 11970 12141 12147 12149 12156 12166 12170 12183 12197 12205 12208 12220 12224 12235 12252 12276 83 474 1001 2150 3913 11622 12125 }
}
