state={
	id=68
	name="STATE_68"
	provinces={
		23 198 936 2275 2291 2599 2637 2778 3002 3521 3667 3691 3718 3844 4043 4776 4861 5172 5338 5415 6148 6213 7555 8189 8274 8660 9169 9384 10005 10318 10849 11120 11753 11815 12581 12638 12642 13318 13545 13947 15164 15332 16205 17228 17239 17488 17782 18236 18248 18821 18910 19033 19162 19402 19501 19629 19777 19831 19907 20130 20144 20407 20967 20979 21325 21510 21839 22216 22226 22444 22459 22830 24121 24336 24502 24537 26303 26376 26382 26389 26450 26537 26558 26571 26611 26630 26667 26742 26759 26810 26825 26905 26917 26957 26982 27005 27035 27042 27053 27124 27166 27186 27256 27309 27336 27384 27385 27443 27507 27508 27544 27556 27595 27638 27647 27718 27758 27814 
	}
	buildings_max_level_factor=1.000
        manpower=0
        state_category = town
}
