state={
	id=69
	name="STATE_69"
	provinces={
		472 700 1206 1384 1562 2040 3471 3539 4072 4093 4278 5615 6029 6525 6625 6722 7322 7495 7817 8241 11746 11750 12073 12296 12796 13343 14790 15176 15199 15823 15978 16705 16713 17046 17390 18220 19962 20455 20622 20651 21577 21934 21969 22639 22736 22898 23623 24385 26296 26352 26360 26394 26408 26440 26447 26451 26482 26506 26538 26543 26549 26559 26631 26640 26645 26715 26766 26776 26811 26860 26866 26906 26907 26937 26946 26995 27016 27017 27084 27111 27156 27178 27179 27215 27396 27429 27471 27487 27565 27622 
	}
	buildings_max_level_factor=1.000
        manpower=0
        state_category = town
}
