state={
	id=7
	name="STATE_7"
	provinces={
		65 126 186 202 288 335 355 470 529 541 566 644 692 698 709 806 815 823 926 954 1147 1234 1329 1397 1461 1506 1589 1611 1648 1780 1826 1852 2049 2138 2150 2277 2302 2421 2423 2524 2562 2569 2868 2891 2956 3041 3164 3231 3289 3302 3536 3610 3683 3726 3900 3935 4049 4116 4126 4220 4375 4499 4533 4851 4912 4919 4959 4979 4995 5260 5279 5537 5635 5647 5662 5908 5981 6154 6219 6263 6289 6299 6375 6497 6507 6616 6681 6788 7019 7098 7099 7245 7368 7467 7475 7582 7619 7739 7867 7922 8052 8377 8727 8933 8997 9005 9352 9795 9967 10307 10354 10374 10511 10566 10869 11013 11239 11279 11727 11908 12011 12276 12805 13188 13376 13525 13873 13898 14104 14123 14386 14741 14847 14989 15145 15487 15567 16566 16774 16808 16936 17409 17651 18374 18781 19055 19959 20170 20348 20383 20551 20599 20706 20823 20956 21066 21092 21223 21854 22015 22127 22132 22676 23149 23537 23674 23695 23879 24746 25020 25021 25022 25023 25050 25074 25077 25080 25100 25111 25114 25119 25123 25129 25135 25156 25157 25158 25167 25172 25176 25180 25188 25201 25203 25213 25220 25221 25240 25244 25249 25255 25258 25263 25273 25274 25279 25285 25292 25315 25316 25334 25345 25363 25364 25388 25444 25453 25454 25498 25543 
	}
	buildings_max_level_factor=1.000
        manpower=0
        state_category = town
}
