state={
	id=74
	name="STATE_74"
	provinces={
		325 495 678 699 1327 1644 1899 2105 3053 3391 3479 4151 4371 4613 4703 4708 5347 5367 5401 5713 5836 6443 7087 7169 7337 7664 7892 7937 7995 8341 8746 8752 8850 8852 8959 9037 9278 9453 9478 9684 9706 9770 10095 10262 10648 10998 11317 11379 11440 11620 11736 11861 12480 12481 12587 13287 13452 13646 13785 13993 15128 15293 15298 15335 15678 16023 16069 16078 16198 16286 16756 16857 17057 17927 18058 18199 18690 19022 19245 19643 19700 20570 21274 21666 21734 21874 22668 22950 23059 23199 23285 23474 23506 23857 24027 24402 24831 24940 26560 26606 26632 26657 26658 26668 26686 26728 26745 26767 26802 26842 26843 26850 26861 26900 26908 26938 26939 26947 26963 27018 27023 27024 27050 27051 27061 27065 27071 27085 27112 27117 27134 27146 27150 27151 27157 27180 27181 27208 27219 27220 27260 27298 27310 27320 27360 27415 27416 27455 27488 27489 27509 27528 27529 27550 27566 27639 27653 27679 27680 27681 27719 27726 27737 27746 27747 27793 27801 27829 27837 27850 27900 27928 27941 28015 28056 28077 28173 
	}
	buildings_max_level_factor=1.000
        manpower=0
        state_category = town
}
