state={
	id=78
	name="STATE_78"
	provinces={
		37 49 604 801 1089 2719 2740 2810 3062 3528 3570 3572 3905 3951 4231 4279 4285 4396 4832 5092 5405 5972 6589 6865 7052 7418 7571 7620 7879 8488 8628 8860 9302 9399 9472 9585 9613 9661 9704 9781 10080 11166 11978 12809 12887 12915 13427 13472 13492 13728 14005 14548 14746 14756 14764 14867 14939 15056 16061 16335 16372 17652 17739 17896 18354 19232 19331 19848 19930 20190 20815 20847 20879 20974 21130 21230 22476 22572 23136 23341 23589 23697 24202 24619 24666 24774 26723 26814 26828 26894 26910 26923 26924 26992 27020 27062 27087 27108 27139 27158 27159 27183 27195 27228 27246 27263 27280 27293 27294 27295 27331 27363 27375 27387 27411 27459 27460 27473 27480 27492 27523 27569 27579 27588 27603 27672 27673 27684 27751 27752 27760 27787 27795 27834 27852 27873 27886 27891 27902 27910 27922 27971 27972 27989 28000 28040 28059 28066 28111 28112 28158 28166 28175 28220 28245 28254 28311 28312 28313 
	}
	buildings_max_level_factor=1.000
        manpower=0
        state_category = town
}
