state={
	id=79
	name="STATE_79"
	provinces={
		40 303 361 366 396 787 860 1139 1190 1270 1605 1702 1822 1841 1967 2174 2304 2316 2387 2498 2501 2519 2521 2658 2817 3411 3434 3712 3723 3950 3952 3979 4076 4281 4433 4639 4868 5241 5539 5555 5648 5719 5992 6050 6246 6300 6439 6698 6719 6751 6852 6935 6936 7215 7309 7366 7697 7799 7815 8043 8487 8612 8673 8722 8881 8915 9040 9314 9360 9484 9632 9692 9911 9984 10031 10137 10146 10207 10337 10387 10434 10765 10812 10904 10907 11005 11027 11256 11654 11845 12119 12209 12224 12234 12825 13039 13132 13327 13333 13379 13447 14212 14345 14510 14561 14634 14684 14734 14818 14889 15195 15238 15414 15547 15663 15811 15864 15874 15894 15925 15966 16103 16203 16231 16293 16453 16579 16645 16647 16980 17041 17060 17159 17246 17395 17931 17993 18122 18145 18183 18424 18643 18861 18956 19115 19238 19308 19505 19534 19608 19680 19754 19766 19969 20035 20069 20158 20218 20306 20336 21069 21249 21298 21313 21814 22029 22142 22288 22316 22335 22509 22532 22640 22743 22897 23045 23141 23493 24112 24131 24142 24238 24250 24274 24404 24417 24492 24876 24953 26786 26803 26876 26918 26940 26964 26969 26970 26985 26997 27025 27026 27036 27043 27066 27072 27076 27086 27113 27118 27125 27147 27148 27167 27174 27187 27194 27202 27203 27221 27222 27232 27311 27328 27329 27337 27361 27362 27367 27374 27390 27408 27409 27410 27417 27418 27444 27445 27456 27463 27479 27490 27491 27520 27521 27530 27545 27567 27575 27576 27585 27586 27596 27608 27623 27624 27640 27641 27648 27649 27656 27669 27670 27694 27695 27720 27727 27738 27744 27748 27749 27775 27784 27802 27830 27831 27838 27860 27890 27901 27921 27929 27936 27942 27943 27954 27968 27983 27998 28016 28037 28038 28050 28057 28065 28078 28098 28099 28106 28132 28151 28155 28156 28157 28164 28165 28216 28239 28240 28252 28262 28269 28298 28310 28370 28371 28372 28392 28445 28446 28468 28514 28528 28558 28608 28630 28672 28673 28729 28739 28740 28752 28765 28814 28815 28816 28817 28872 28882 28896 28904 28905 28916 28933 28973 28992 28993 29009 29010 29022 29023 29038 29055 29056 29057 29113 29156 29157 29199 29216 29224 29235 29243 29292 29293 29367 29386 29393 29446 
	}
	buildings_max_level_factor=1.000
        manpower=0
        state_category = town
}
