state = { 
	id = 81 
	name = "STATE_81" 
	manpower = 222111 
	
	state_category = large_town 
	buildings_max_level_factor = 2 
	
	resources = { oil = 2 } 
	history = { 
		owner = UKR 
		
		buildings = { 
			industrial_complex = 2
			arms_factory = 0
			infrastructure = 3 
			air_base = 3 
		}
		
		add_core_of = UKR 
	}
	provinces = { 42 185 708 724 1005 1116 1216 1330 1504 1960 2080 2111 2259 3021 3213 3445 4176 4269 4567 4600 4731 4783 4791 4839 5101 5228 5263 5316 5318 5553 5868 5964 6073 6247 6302 6305 6320 6360 6641 6729 7004 7203 7365 7457 7554 7597 7651 8431 8446 8575 8578 8605 8750 8973 9195 9223 9479 9511 9848 9959 10117 10223 10344 10461 10531 10569 11034 11078 11350 11532 11542 11555 11658 11873 11999 12785 12816 12866 12874 12887 12900 12905 12909 12913 12920 12921 12932 12945 12949 12954 12955 12968 12980 12984 12986 12987 12990 12995 13003 13017 13021 13031 13038 13048 13049 13061 13069 13098 13099 13100 13104 13111 13120 13132 13140 13145 13163 13169 13174 13175 13195 13202 13210 13211 13215 13235 13236 13237 13250 13253 13260 13288 13300 18031 }
}
