state = {
	id=84
	name="STATE_84"
	provinces={
		617 845 1127 1161 1203 1271 1434 1724 1985 2076 2440 2455 2532 2624 2705 2753 2814 2889 3345 3350 3558 4075 4371 4389 4715 4717 4767 4829 4948 5235 5359 5431 5471 5721 5746 5747 5752 5874 5949 6019 6118 6129 6208 6281 6298 6362 6450 6513 6562 6579 6608 6689 6732 6743 6753 6845 7009 7339 7564 7700 7735 7755 7862 7957 8190 8422 8520 8741 8847 9049 9188 9328 9393 9423 9567 9651 9678 9773 9793 9942 10084 10125 10178 10181 10332 10333 10352 10370 10397 10414 10497 10623 10640 10655 10856 10904 10978 11096 11151 11198 11252 11254 11325 11347 11473 11742 11860 11881 12058 12827 12836 12860 12869 12875 12881 12885 12897 12904 12925 12928 12933 12937 12943 12971 12972 12976 12999 13010 13011 13016 13025 13027 13041 13045 13057 13059 13068 13070 13078 13117 13129 13141 13143 13155 13156 13178 13181 13184 13192 13197 13199 13201 13220 13221 13226 13227 13230 13255 13270 13281 13282 13293 13327 13329 13333 13345 13352 13357 13387 13405 13407 13433 13462 13463 13476 13477 13497 13525 13527 13549 13573 18039
	}
history= {
		owner = UKR
		add_core_of = UKR
		buildings = {
			infrastructure = 3
			industrial_complex = 2
			arms_factory = 0
		}
	}
	buildings_max_level_factor=2.000
    manpower=110000
    state_category = town
}
