state={
	id=85
	name="STATE_85"
	provinces={
		3911 4501 6635 6917 7357 8132 8466 8474 10026 10214 11707 12656 12664 13184 13391 14136 14683 15025 15082 15453 15660 16138 16256 16289 16589 17808 18046 18099 18800 18815 19298 19377 19837 20587 21300 21586 23332 23699 23867 24426 24814 26998 27091 27099 27119 27152 27209 27226 27261 27268 27273 27274 27299 27338 27368 27431 27446 27447 27457 27557 27577 27631 27642 27658 27659 27671 27696 27722 27759 27766 27785 27803 27804 27839 27999 
	}
	buildings_max_level_factor=1.000
        manpower=0
        state_category = town
}
