state={
	id=9
	name="STATE_9"
	provinces={
		152 285 499 1055 1195 1402 1532 1814 1870 1886 1978 2795 2841 3108 3552 4022 4113 4295 4591 4753 4796 5139 5222 5517 5626 5758 6156 6701 7121 7177 7705 7932 8522 8525 8645 8646 8770 8929 9068 9325 9867 10605 10939 11552 11858 14002 14177 17100 17480 17681 18252 19013 19597 20675 21533 22413 23784 25025 25045 25068 25069 25076 25110 25112 25120 25126 25138 25146 25185 25205 
	}
	buildings_max_level_factor=1.000
        manpower=0
        state_category = town
}
