state={
	id=90
	name="STATE_90"
	provinces={
		448 821 1040 1307 1464 1995 2272 2712 2984 3196 3438 3602 3699 3737 3743 3843 4394 4497 4898 5034 5523 5575 5901 6033 6045 6074 6354 6652 6699 7056 7094 7537 7595 7734 7816 7977 8078 8251 8313 8693 9076 9274 9318 9728 9769 9886 10012 10162 10294 10507 10534 10658 10841 10845 10856 10905 11163 11411 11590 11602 11648 11935 12057 12112 12284 12501 12704 12977 13070 13103 13209 13707 13837 14017 14025 14217 14230 14606 14653 14870 14905 15091 15185 15322 15399 15554 15677 15777 16080 16494 16541 16696 16718 16820 16992 17084 17404 17500 17729 17762 17865 18062 18205 18222 18270 18732 18749 18835 18870 19052 19406 19948 20122 20390 20925 21152 21153 21438 21563 21773 21806 21821 21928 22101 22265 22437 22560 22606 22646 22703 22716 22905 23429 23464 23482 23489 23969 24177 24205 24366 27233 27279 27292 27312 27313 27321 27340 27370 27391 27419 27472 27522 27533 27558 27587 27597 27609 27633 27650 27661 27683 27697 27698 27711 27729 27730 27767 27786 27794 27805 27806 27815 27819 27820 27833 27842 27851 27872 27937 27946 27955 27970 27988 28005 28039 28071 28109 28110 28136 28183 28184 28199 28205 28219 28244 28270 28355 28363 28455 28471 28481 28482 28494 28503 28518 28561 28612 28637 28638 28686 28698 28716 28717 28743 28777 28831 28846 28856 28873 28897 28935 28975 29011 29031 29069 29085 29129 29130 29146 29176 29217 29295 29325 29408 29409 29448 29467 29468 29493 29585 29711 29720 29770 29790 29853 29854 29893 29980 
	}
	buildings_max_level_factor=1.000
        manpower=0
        state_category = town
}
