state={
	id=95
	name="STATE_95"
	provinces={
		275 498 555 702 729 844 853 898 1199 1336 1382 1553 1556 1574 1721 1736 1907 2249 2376 2398 2424 2600 2601 2667 2695 2950 3066 3077 3216 3227 3354 3389 3497 3578 3796 3974 4060 4307 4357 4685 4874 4987 5288 5531 5556 5584 5641 5721 5736 5926 5945 6008 6183 6240 6351 6370 6402 6522 6578 6626 7049 7243 7414 7513 7618 7794 7825 8000 8085 8128 8143 8451 8461 8658 8712 8787 8832 9312 9420 9457 9638 9970 10001 10067 10148 10184 10220 10279 10289 10453 10476 10570 10776 10968 10978 11157 11187 11265 11276 11282 11295 11508 11513 11540 11554 11567 11588 11717 11744 11974 12230 12250 12292 12305 12355 12413 12509 12661 12680 12716 12945 13000 13187 13222 13360 13381 13443 13780 13846 13880 14249 14274 14351 14585 14839 15012 15019 15042 15124 15294 15422 15680 15697 15761 15784 16015 16184 16316 16327 16328 16352 16359 16466 16554 16782 16845 16946 17073 17453 17658 17776 17839 17862 17863 17942 18010 18114 18255 18448 18460 18526 18695 18729 18836 19000 19015 19191 19208 19239 19256 19394 19566 19587 19678 19685 19859 19893 20223 20296 20368 20388 20510 20573 20614 20647 20820 20834 20851 20933 20946 21308 21322 21334 21352 21355 21382 21599 21622 21713 21867 21915 21930 21974 21978 21993 22064 22133 22338 22359 22400 22471 22616 22678 22754 22793 22904 22972 23004 23057 23138 23166 23306 23363 23365 23411 23519 23547 23564 23569 23711 23724 23742 23785 23806 23808 23813 23931 24097 24273 24311 24414 24470 24516 24800 24817 24826 24948 27612 27709 27725 27757 27799 27836 27858 27865 27918 27964 27965 28013 28031 28032 28064 28074 28089 28090 28091 28092 28128 28129 28143 28163 28178 28179 28190 28191 28192 28193 28212 28234 28259 28291 28292 28307 28308 28361 28367 28379 28388 28389 28401 28417 28431 28449 28450 28458 28465 28474 28475 28476 28489 28525 28526 28555 28556 28566 28567 28578 28579 28580 28581 28591 28621 28643 28644 28662 28668 28669 28679 28707 28727 28748 28772 28809 28824 28825 28826 28839 28840 28865 28866 28880 28894 28926 28927 28940 28955 28970 28985 28986 29005 29028 29063 29064 29090 29123 29124 29170 29192 29207 29208 29219 29230 29254 29255 29266 29274 29305 29315 29316 29348 29349 29350 29362 29363 29380 29415 29433 29442 29459 29476 29477 29478 29489 29507 29520 29566 29567 29579 29580 29624 29633 29663 29664 29678 29693 29694 29728 29743 29779 29780 29813 29829 29830 29844 29884 29885 29886 29915 29935 29944 29968 29997 29998 29999 30000 30032 30033 30047 30085 30125 30126 30127 30139 30156 30157 30175 30176 30196 30246 30294 30309 30322 30346 30383 30384 30423 30454 30513 30528 30568 30594 30595 30632 30633 30694 30695 30717 30733 30787 30788 30822 30842 30858 30915 30948 30949 31009 31039 31198 31199 31275 
	}
	buildings_max_level_factor=1.000
        manpower=0
        state_category = town
}
