state={
	id=96
	name="STATE_96"
	provinces={
		243 377 388 417 826 854 1363 1807 1872 2086 2087 3274 3511 3514 3697 3799 3981 3988 4077 4257 4563 4830 4850 4871 5022 5306 5401 5717 5728 5739 5792 5798 5832 5843 5889 5943 6041 6117 6251 6275 6323 6400 6423 6720 6830 6902 6950 6969 7008 7100 7156 7431 7551 7605 7737 7804 7850 8000 8012 8076 8196 8453 8492 8854 8974 9067 9252 9294 9407 9534 9576 9746 9791 9813 9821 9847 9887 9956 9972 9983 10118 10179 10248 10307 10771 10858 10951 10974 11191 11484 11486 11523 11634 11645 11689 11761 11836 11877 12983 12994 13001 13002 13005 13028 13042 13046 13047 13064 13067 13072 13082 13083 13097 13102 13115 13119 13123 13127 13137 13147 13148 13149 13153 13159 13164 13165 13168 13171 13173 13177 13186 13190 13194 13204 13205 13209 13218 13219 13223 13228 13244 13248 13249 13252 13264 13284 13294 13305 13317 13332 13334 13335 13341 13350 13360 13373 13401 13402 13410 13413 13418 13426 13439 13442 13453 13456 13466 13493 13502 13504 13513 13539 13542 13585 13607 13613 13654 13681 13682 13688 13709
	}
	history= {
		owner = UKR
		add_core_of = UKR
		buildings = {
			infrastructure = 1
			industrial_complex = 1
		}
	}
	buildings_max_level_factor=1.000
	manpower=1
	state_category=rural
}