state={
	id=97
	name="STATE_97"
	provinces={
		77 253 293 370 580 1140 1891 1960 2309 2364 2571 3213 3647 3937 4172 4256 4854 4905 5158 5301 5603 5616 6100 6350 6428 6630 6639 6982 7133 7160 7196 7862 7935 8164 8410 8460 8557 8954 8974 9205 9260 9395 9491 10122 10135 10554 10585 10587 11033 11102 11334 11363 11452 11747 11793 11916 12001 12244 12334 12478 13105 13382 13665 13715 13861 13892 13954 14001 14287 14671 14768 14777 14846 14942 15021 15255 15714 15765 15834 15845 15985 16065 16204 16258 16621 16638 16920 17125 17199 17264 17271 17319 17688 17738 17955 17967 18278 18382 18763 18767 18817 19301 19760 19863 20021 20199 20246 20475 20503 20756 21109 21408 21467 21555 21787 21960 22445 22571 22848 22884 22960 23256 23272 23401 23629 23691 24057 24117 24225 24465 24548 24869 24951 24985 27589 27690 27753 27807 27808 27843 27853 27874 27875 27876 27892 27956 27990 27991 27992 28001 28006 28018 28060 28061 28079 28080 28113 28124 28167 28185 28186 28200 28221 28286 28287 28288 28314 28357 28374 28383 28408 28421 28422 28423 28436 28506 28507 28529 28530 28531 28563 28601 28622 28623 28632 28633 28640 28687 28688 28731 28756 28779 28788 28819 28820 28885 28886 28887 28909 28918 28949 28977 29034 29041 29042 29058 29059 29106 29115 29147 29160 29188 29201 29202 29247 29260 29311 29330 29342 29356 29395 29428 29450 29539 29555 29629 29637 29773 29792 29805 29821 29874 29906 29992 30008 30021 30061 30167 30224 30355 30368 30463 30484 30588 
	}
	buildings_max_level_factor=1.000
        manpower=0
        state_category = town
}
