state={
	id=99
	name="STATE_99"
	provinces={
		1130 1953 2052 2584 2832 2967 5126 5917 6121 7398 7511 7565 8281 8800 9165 9321 9903 10505 10662 11266 11326 11454 11512 11613 11802 11956 11963 12377 12766 12818 12898 13016 13827 14751 14973 15327 15328 15898 16167 16411 16769 17392 17937 17997 18081 19050 19081 19446 19807 20443 20687 20885 21116 21392 21561 21808 21845 23007 24187 24241 27625 27657 27721 27750 27776 27930 27984 27985 27986 28017 28051 28058 28070 28107 28108 28133 28134 28152 28198 28217 28218 28231 28241 28285 28330 28331 28344 28352 28373 28381 28406 28407 28435 28447 28452 28461 28469 28478 28479 28515 28516 28541 28542 28559 28560 28584 28609 28610 28636 28741 28766 28798 28818 28844 28906 28947 28974 28994 29024 29114 29145 29200 29245 29340 29369 29492 29622 
	}
	buildings_max_level_factor=1.000
        manpower=0
        state_category = town
}
